  7.201458215714e-001  2.653118669987e-001  1.437719538808e-002  1.650813210290e-004  0.000000000000e+000  0.000000000000e+000  0.000000000000e+000  0.000000000000e+000  0.000000000000e+000  0.000000000000e+000  0.000000000000e+000  0.000000000000e+000  0.000000000000e+000  0.000000000000e+000  0.000000000000e+000  0.000000000000e+000  0.000000000000e+000  0.000000000000e+000
  4.980793595314e-001  4.468762278557e-001  5.372382700443e-002  1.320650568232e-003  0.000000000000e+000  0.000000000000e+000  0.000000000000e+000  0.000000000000e+000  0.000000000000e+000  0.000000000000e+000  0.000000000000e+000  0.000000000000e+000  0.000000000000e+000  0.000000000000e+000  0.000000000000e+000  0.000000000000e+000  0.000000000000e+000  0.000000000000e+000
  3.271175324917e-001  5.560628771782e-001  1.123624816537e-001  4.457197617739e-003  0.000000000000e+000  0.000000000000e+000  0.000000000000e+000  0.000000000000e+000  0.000000000000e+000  0.000000000000e+000  0.000000000000e+000  0.000000000000e+000  0.000000000000e+000  0.000000000000e+000  0.000000000000e+000  0.000000000000e+000  0.000000000000e+000  0.000000000000e+000
  2.005775123835e-001  6.042416095734e-001  1.846156269312e-001  1.056520268321e-002  0.000000000000e+000  0.000000000000e+000  0.000000000000e+000  0.000000000000e+000  0.000000000000e+000  0.000000000000e+000  0.000000000000e+000  0.000000000000e+000  0.000000000000e+000  0.000000000000e+000  0.000000000000e+000  0.000000000000e+000  0.000000000000e+000  0.000000000000e+000
  1.117763444781e-001  6.027824878693e-001  2.648059427738e-001  2.063515968621e-002  0.000000000000e+000  0.000000000000e+000  0.000000000000e+000  0.000000000000e+000  0.000000000000e+000  0.000000000000e+000  0.000000000000e+000  0.000000000000e+000  0.000000000000e+000  0.000000000000e+000  0.000000000000e+000  0.000000000000e+000  0.000000000000e+000  0.000000000000e+000
  5.403107404709e-002  5.630552768707e-001  3.472560048103e-001  3.565756976604e-002  0.000000000000e+000  0.000000000000e+000  0.000000000000e+000  0.000000000000e+000  0.000000000000e+000  0.000000000000e+000  0.000000000000e+000  0.000000000000e+000  0.000000000000e+000  0.000000000000e+000  0.000000000000e+000  0.000000000000e+000  0.000000000000e+000  0.000000000000e+000
  2.065883949399e-002  4.964298903942e-001  4.262883663177e-001  5.662290379405e-002  0.000000000000e+000  0.000000000000e+000  0.000000000000e+000  0.000000000000e+000  0.000000000000e+000  0.000000000000e+000  0.000000000000e+000  0.000000000000e+000  0.000000000000e+000  0.000000000000e+000  0.000000000000e+000  0.000000000000e+000  0.000000000000e+000  0.000000000000e+000
  4.976712632924e-003  4.142761826515e-001  4.962255358696e-001  8.452163636684e-002  0.000000000000e+000  0.000000000000e+000  0.000000000000e+000  0.000000000000e+000  0.000000000000e+000  0.000000000000e+000  0.000000000000e+000  0.000000000000e+000  0.000000000000e+000  0.000000000000e+000  0.000000000000e+000  0.000000000000e+000  0.000000000000e+000  0.000000000000e+000
  3.017490380444e-004  3.279638588428e-001  5.513901114464e-001  1.203443035483e-001  0.000000000000e+000  0.000000000000e+000  0.000000000000e+000  0.000000000000e+000  0.000000000000e+000  0.000000000000e+000  0.000000000000e+000  0.000000000000e+000  0.000000000000e+000  0.000000000000e+000  0.000000000000e+000  0.000000000000e+000  0.000000000000e+000  0.000000000000e+000
  0.000000000000e+000  2.487697303295e-001  5.861691236496e-001  1.650551408529e-001  6.071076768421e-006  0.000000000000e+000  0.000000000000e+000  0.000000000000e+000  0.000000000000e+000  0.000000000000e+000  0.000000000000e+000  0.000000000000e+000  0.000000000000e+000  0.000000000000e+000  0.000000000000e+000  0.000000000000e+000  0.000000000000e+000  0.000000000000e+000
  0.000000000000e+000  1.830857843161e-001  5.983232855797e-001  2.182490378618e-001  3.419766726438e-004  0.000000000000e+000  0.000000000000e+000  0.000000000000e+000  0.000000000000e+000  0.000000000000e+000  0.000000000000e+000  0.000000000000e+000  0.000000000000e+000  0.000000000000e+000  0.000000000000e+000  0.000000000000e+000  0.000000000000e+000  0.000000000000e+000
  0.000000000000e+000  1.301189661026e-001  5.905762910843e-001  2.775058150291e-001  1.798842218705e-003  0.000000000000e+000  0.000000000000e+000  0.000000000000e+000  0.000000000000e+000  0.000000000000e+000  0.000000000000e+000  0.000000000000e+000  0.000000000000e+000  0.000000000000e+000  0.000000000000e+000  0.000000000000e+000  0.000000000000e+000  0.000000000000e+000
  0.000000000000e+000  8.850107342005e-002  5.660494565964e-001  3.402442038059e-001  5.205199588090e-003  0.000000000000e+000  0.000000000000e+000  0.000000000000e+000  0.000000000000e+000  0.000000000000e+000  0.000000000000e+000  0.000000000000e+000  0.000000000000e+000  0.000000000000e+000  0.000000000000e+000  0.000000000000e+000  0.000000000000e+000  0.000000000000e+000
  0.000000000000e+000  5.686363577843e-002  5.278637409210e-001  4.038830101490e-001  1.138959731907e-002  0.000000000000e+000  0.000000000000e+000  0.000000000000e+000  0.000000000000e+000  0.000000000000e+000  0.000000000000e+000  0.000000000000e+000  0.000000000000e+000  0.000000000000e+000  0.000000000000e+000  0.000000000000e+000  0.000000000000e+000  0.000000000000e+000
  0.000000000000e+000  3.383847326040e-002  4.791402220726e-001  4.658408761024e-001  2.118055708706e-002  0.000000000000e+000  0.000000000000e+000  0.000000000000e+000  0.000000000000e+000  0.000000000000e+000  0.000000000000e+000  0.000000000000e+000  0.000000000000e+000  0.000000000000e+000  0.000000000000e+000  0.000000000000e+000  0.000000000000e+000  0.000000000000e+000
  0.000000000000e+000  1.805725693703e-002  4.229998588562e-001  5.235363245010e-001  3.540661931038e-002  0.000000000000e+000  0.000000000000e+000  0.000000000000e+000  0.000000000000e+000  0.000000000000e+000  0.000000000000e+000  0.000000000000e+000  0.000000000000e+000  0.000000000000e+000  0.000000000000e+000  0.000000000000e+000  0.000000000000e+000  0.000000000000e+000
  0.000000000000e+000  8.151694200933e-003  3.625639379025e-001  5.743882060051e-001  5.489628762007e-002  0.000000000000e+000  0.000000000000e+000  0.000000000000e+000  0.000000000000e+000  0.000000000000e+000  0.000000000000e+000  0.000000000000e+000  0.000000000000e+000  0.000000000000e+000  0.000000000000e+000  0.000000000000e+000  0.000000000000e+000  0.000000000000e+000
  0.000000000000e+000  2.753447275609e-003  3.009531795979e-001  6.158152222633e-001  8.047820627689e-002  0.000000000000e+000  0.000000000000e+000  0.000000000000e+000  0.000000000000e+000  0.000000000000e+000  0.000000000000e+000  0.000000000000e+000  0.000000000000e+000  0.000000000000e+000  0.000000000000e+000  0.000000000000e+000  0.000000000000e+000  0.000000000000e+000
  0.000000000000e+000  4.942543455400e-004  2.412890046835e-001  6.452360153198e-001  1.129807904363e-001  0.000000000000e+000  0.000000000000e+000  0.000000000000e+000  0.000000000000e+000  0.000000000000e+000  0.000000000000e+000  0.000000000000e+000  0.000000000000e+000  0.000000000000e+000  0.000000000000e+000  0.000000000000e+000  0.000000000000e+000  0.000000000000e+000
  0.000000000000e+000  5.802149189549e-006  1.866923868656e-001  6.600692272186e-001  1.532326340675e-001  0.000000000000e+000  0.000000000000e+000  0.000000000000e+000  0.000000000000e+000  0.000000000000e+000  0.000000000000e+000  0.000000000000e+000  0.000000000000e+000  0.000000000000e+000  0.000000000000e+000  0.000000000000e+000  0.000000000000e+000  0.000000000000e+000
  0.000000000000e+000  0.000000000000e+000  1.400512009859e-001  6.580322384834e-001  2.018680721521e-001  4.856937084696e-005  0.000000000000e+000  0.000000000000e+000  0.000000000000e+000  0.000000000000e+000  0.000000000000e+000  0.000000000000e+000  0.000000000000e+000  0.000000000000e+000  0.000000000000e+000  0.000000000000e+000  0.000000000000e+000  0.000000000000e+000
  0.000000000000e+000  0.000000000000e+000  1.018961295485e-001  6.398621797562e-001  2.575561702251e-001  6.855013780296e-004  0.000000000000e+000  0.000000000000e+000  0.000000000000e+000  0.000000000000e+000  0.000000000000e+000  0.000000000000e+000  0.000000000000e+000  0.000000000000e+000  0.000000000000e+000  0.000000000000e+000  0.000000000000e+000  0.000000000000e+000
  0.000000000000e+000  0.000000000000e+000  7.138848304749e-002  6.080500483513e-001  3.178257048130e-001  2.735820366070e-003  0.000000000000e+000  0.000000000000e+000  0.000000000000e+000  0.000000000000e+000  0.000000000000e+000  0.000000000000e+000  0.000000000000e+000  0.000000000000e+000  0.000000000000e+000  0.000000000000e+000  0.000000000000e+000  0.000000000000e+000
  0.000000000000e+000  0.000000000000e+000  4.767303168774e-002  5.651080608368e-001  3.801909387112e-001  7.028061896563e-003  0.000000000000e+000  0.000000000000e+000  0.000000000000e+000  0.000000000000e+000  0.000000000000e+000  0.000000000000e+000  0.000000000000e+000  0.000000000000e+000  0.000000000000e+000  0.000000000000e+000  0.000000000000e+000  0.000000000000e+000
  0.000000000000e+000  0.000000000000e+000  2.989446558058e-002  5.135485529900e-001  4.421662688255e-001  1.439076382667e-002  0.000000000000e+000  0.000000000000e+000  0.000000000000e+000  0.000000000000e+000  0.000000000000e+000  0.000000000000e+000  0.000000000000e+000  0.000000000000e+000  0.000000000000e+000  0.000000000000e+000  0.000000000000e+000  0.000000000000e+000
  0.000000000000e+000  0.000000000000e+000  1.719748228788e-002  4.558841884136e-001  5.012660026550e-001  2.565243467689e-002  0.000000000000e+000  0.000000000000e+000  0.000000000000e+000  0.000000000000e+000  0.000000000000e+000  0.000000000000e+000  0.000000000000e+000  0.000000000000e+000  0.000000000000e+000  0.000000000000e+000  0.000000000000e+000  0.000000000000e+000
  0.000000000000e+000  0.000000000000e+000  8.726737461984e-003  3.946271240711e-001  5.550045371056e-001  4.164162278175e-002  0.000000000000e+000  0.000000000000e+000  0.000000000000e+000  0.000000000000e+000  0.000000000000e+000  0.000000000000e+000  0.000000000000e+000  0.000000000000e+000  0.000000000000e+000  0.000000000000e+000  0.000000000000e+000  0.000000000000e+000
  0.000000000000e+000  0.000000000000e+000  3.626909106970e-003  3.322896063328e-001  6.008965969086e-001  6.318693608046e-002  0.000000000000e+000  0.000000000000e+000  0.000000000000e+000  0.000000000000e+000  0.000000000000e+000  0.000000000000e+000  0.000000000000e+000  0.000000000000e+000  0.000000000000e+000  0.000000000000e+000  0.000000000000e+000  0.000000000000e+000
  0.000000000000e+000  0.000000000000e+000  1.042724121362e-003  2.713843882084e-001  6.364561319351e-001  9.111677855253e-002  0.000000000000e+000  0.000000000000e+000  0.000000000000e+000  0.000000000000e+000  0.000000000000e+000  0.000000000000e+000  0.000000000000e+000  0.000000000000e+000  0.000000000000e+000  0.000000000000e+000  0.000000000000e+000  0.000000000000e+000
  0.000000000000e+000  0.000000000000e+000  1.188468377222e-004  2.144235372543e-001  6.591979265213e-001  1.262598037720e-001  0.000000000000e+000  0.000000000000e+000  0.000000000000e+000  0.000000000000e+000  0.000000000000e+000  0.000000000000e+000  0.000000000000e+000  0.000000000000e+000  0.000000000000e+000  0.000000000000e+000  0.000000000000e+000  0.000000000000e+000
  0.000000000000e+000  0.000000000000e+000  0.000000000000e+000  1.639194190502e-001  6.666361093521e-001  1.694443523884e-001  2.810666721587e-008  0.000000000000e+000  0.000000000000e+000  0.000000000000e+000  0.000000000000e+000  0.000000000000e+000  0.000000000000e+000  0.000000000000e+000  0.000000000000e+000  0.000000000000e+000  0.000000000000e+000  0.000000000000e+000
  0.000000000000e+000  0.000000000000e+000  0.000000000000e+000  1.217238232493e-001  6.572685241699e-001  2.208437025547e-001  1.639197434997e-004  0.000000000000e+000  0.000000000000e+000  0.000000000000e+000  0.000000000000e+000  0.000000000000e+000  0.000000000000e+000  0.000000000000e+000  0.000000000000e+000  0.000000000000e+000  0.000000000000e+000  0.000000000000e+000
  0.000000000000e+000  0.000000000000e+000  0.000000000000e+000  8.747245371342e-002  6.328897476196e-001  2.784326672554e-001  1.205085776746e-003  0.000000000000e+000  0.000000000000e+000  0.000000000000e+000  0.000000000000e+000  0.000000000000e+000  0.000000000000e+000  0.000000000000e+000  0.000000000000e+000  0.000000000000e+000  0.000000000000e+000  0.000000000000e+000
  0.000000000000e+000  0.000000000000e+000  0.000000000000e+000  6.033680588007e-002  5.959855914116e-001  3.397254943848e-001  3.952050115913e-003  0.000000000000e+000  0.000000000000e+000  0.000000000000e+000  0.000000000000e+000  0.000000000000e+000  0.000000000000e+000  0.000000000000e+000  0.000000000000e+000  0.000000000000e+000  0.000000000000e+000  0.000000000000e+000
  0.000000000000e+000  0.000000000000e+000  0.000000000000e+000  3.948818892241e-002  5.490415096283e-001  4.022369384766e-001  9.233366698027e-003  0.000000000000e+000  0.000000000000e+000  0.000000000000e+000  0.000000000000e+000  0.000000000000e+000  0.000000000000e+000  0.000000000000e+000  0.000000000000e+000  0.000000000000e+000  0.000000000000e+000  0.000000000000e+000
  0.000000000000e+000  0.000000000000e+000  0.000000000000e+000  2.409815974534e-002  4.945429861546e-001  4.634811878204e-001  1.787756569684e-002  0.000000000000e+000  0.000000000000e+000  0.000000000000e+000  0.000000000000e+000  0.000000000000e+000  0.000000000000e+000  0.000000000000e+000  0.000000000000e+000  0.000000000000e+000  0.000000000000e+000  0.000000000000e+000
  0.000000000000e+000  0.000000000000e+000  0.000000000000e+000  1.333821658045e-002  4.349761009216e-001  5.209725499153e-001  3.071313351393e-002  0.000000000000e+000  0.000000000000e+000  0.000000000000e+000  0.000000000000e+000  0.000000000000e+000  0.000000000000e+000  0.000000000000e+000  0.000000000000e+000  0.000000000000e+000  0.000000000000e+000  0.000000000000e+000
  0.000000000000e+000  0.000000000000e+000  0.000000000000e+000  6.379730533808e-003  3.728256523609e-001  5.722258090973e-001  4.856876283884e-002  0.000000000000e+000  0.000000000000e+000  0.000000000000e+000  0.000000000000e+000  0.000000000000e+000  0.000000000000e+000  0.000000000000e+000  0.000000000000e+000  0.000000000000e+000  0.000000000000e+000  0.000000000000e+000
  0.000000000000e+000  0.000000000000e+000  0.000000000000e+000  2.394255716354e-003  3.105779290199e-001  6.147548556328e-001  7.227283716202e-002  0.000000000000e+000  0.000000000000e+000  0.000000000000e+000  0.000000000000e+000  0.000000000000e+000  0.000000000000e+000  0.000000000000e+000  0.000000000000e+000  0.000000000000e+000  0.000000000000e+000  0.000000000000e+000
  0.000000000000e+000  0.000000000000e+000  0.000000000000e+000  5.532304057851e-004  2.507186233997e-001  6.460742950439e-001  1.026538237929e-001  0.000000000000e+000  0.000000000000e+000  0.000000000000e+000  0.000000000000e+000  0.000000000000e+000  0.000000000000e+000  0.000000000000e+000  0.000000000000e+000  0.000000000000e+000  0.000000000000e+000  0.000000000000e+000
  0.000000000000e+000  0.000000000000e+000  0.000000000000e+000  2.810714613588e-005  1.957328021526e-001  6.636986136436e-001  1.405404657125e-001  0.000000000000e+000  0.000000000000e+000  0.000000000000e+000  0.000000000000e+000  0.000000000000e+000  0.000000000000e+000  0.000000000000e+000  0.000000000000e+000  0.000000000000e+000  0.000000000000e+000  0.000000000000e+000
  0.000000000000e+000  0.000000000000e+000  0.000000000000e+000  0.000000000000e+000  1.480676084757e-001  6.651999354362e-001  1.867228299379e-001  9.640831194702e-006  0.000000000000e+000  0.000000000000e+000  0.000000000000e+000  0.000000000000e+000  0.000000000000e+000  0.000000000000e+000  0.000000000000e+000  0.000000000000e+000  0.000000000000e+000  0.000000000000e+000
  0.000000000000e+000  0.000000000000e+000  0.000000000000e+000  0.000000000000e+000  1.087704896927e-001  6.502503752708e-001  2.405906021595e-001  3.885522892233e-004  0.000000000000e+000  0.000000000000e+000  0.000000000000e+000  0.000000000000e+000  0.000000000000e+000  0.000000000000e+000  0.000000000000e+000  0.000000000000e+000  0.000000000000e+000  0.000000000000e+000
  0.000000000000e+000  0.000000000000e+000  0.000000000000e+000  0.000000000000e+000  7.712513953447e-002  6.211669445038e-001  2.997707724571e-001  1.937164575793e-003  0.000000000000e+000  0.000000000000e+000  0.000000000000e+000  0.000000000000e+000  0.000000000000e+000  0.000000000000e+000  0.000000000000e+000  0.000000000000e+000  0.000000000000e+000  0.000000000000e+000
  0.000000000000e+000  0.000000000000e+000  0.000000000000e+000  0.000000000000e+000  5.230310559273e-002  5.804354548454e-001  3.617774546146e-001  5.483997054398e-003  0.000000000000e+000  0.000000000000e+000  0.000000000000e+000  0.000000000000e+000  0.000000000000e+000  0.000000000000e+000  0.000000000000e+000  0.000000000000e+000  0.000000000000e+000  0.000000000000e+000
  0.000000000000e+000  0.000000000000e+000  0.000000000000e+000  0.000000000000e+000  3.347573801875e-002  5.305413007736e-001  4.241252541542e-001  1.185758225620e-002  0.000000000000e+000  0.000000000000e+000  0.000000000000e+000  0.000000000000e+000  0.000000000000e+000  0.000000000000e+000  0.000000000000e+000  0.000000000000e+000  0.000000000000e+000  0.000000000000e+000
  0.000000000000e+000  0.000000000000e+000  0.000000000000e+000  0.000000000000e+000  1.981445960701e-002  4.739701151848e-001  4.843288660049e-001  2.188648842275e-002  0.000000000000e+000  0.000000000000e+000  0.000000000000e+000  0.000000000000e+000  0.000000000000e+000  0.000000000000e+000  0.000000000000e+000  0.000000000000e+000  0.000000000000e+000  0.000000000000e+000
  0.000000000000e+000  0.000000000000e+000  0.000000000000e+000  0.000000000000e+000  1.049079000950e-002  4.132072627544e-001  5.399026274681e-001  3.639930114150e-002  0.000000000000e+000  0.000000000000e+000  0.000000000000e+000  0.000000000000e+000  0.000000000000e+000  0.000000000000e+000  0.000000000000e+000  0.000000000000e+000  0.000000000000e+000  0.000000000000e+000
  0.000000000000e+000  0.000000000000e+000  0.000000000000e+000  0.000000000000e+000  4.676264710724e-003  3.507389724255e-001  5.883603096008e-001  5.622436851263e-002  0.000000000000e+000  0.000000000000e+000  0.000000000000e+000  0.000000000000e+000  0.000000000000e+000  0.000000000000e+000  0.000000000000e+000  0.000000000000e+000  0.000000000000e+000  0.000000000000e+000
  0.000000000000e+000  0.000000000000e+000  0.000000000000e+000  0.000000000000e+000  1.542269950733e-003  2.890503704548e-001  6.272169351578e-001  8.219041675329e-002  0.000000000000e+000  0.000000000000e+000  0.000000000000e+000  0.000000000000e+000  0.000000000000e+000  0.000000000000e+000  0.000000000000e+000  0.000000000000e+000  0.000000000000e+000  0.000000000000e+000
  0.000000000000e+000  0.000000000000e+000  0.000000000000e+000  0.000000000000e+000  2.602960157674e-004  2.306273132563e-001  6.539865732193e-001  1.151257827878e-001  0.000000000000e+000  0.000000000000e+000  0.000000000000e+000  0.000000000000e+000  0.000000000000e+000  0.000000000000e+000  0.000000000000e+000  0.000000000000e+000  0.000000000000e+000  0.000000000000e+000
  0.000000000000e+000  0.000000000000e+000  0.000000000000e+000  0.000000000000e+000  1.798746893655e-006  1.779550760984e-001  6.661838889122e-001  1.558592468500e-001  0.000000000000e+000  0.000000000000e+000  0.000000000000e+000  0.000000000000e+000  0.000000000000e+000  0.000000000000e+000  0.000000000000e+000  0.000000000000e+000  0.000000000000e+000  0.000000000000e+000
  0.000000000000e+000  0.000000000000e+000  0.000000000000e+000  0.000000000000e+000  0.000000000000e+000  1.332723349333e-001  6.616935133934e-001  2.049723863602e-001  6.175267481012e-005  0.000000000000e+000  0.000000000000e+000  0.000000000000e+000  0.000000000000e+000  0.000000000000e+000  0.000000000000e+000  0.000000000000e+000  0.000000000000e+000  0.000000000000e+000
  0.000000000000e+000  0.000000000000e+000  0.000000000000e+000  0.000000000000e+000  0.000000000000e+000  9.677056968212e-002  6.414717435837e-001  2.609986662865e-001  7.588908192702e-004  0.000000000000e+000  0.000000000000e+000  0.000000000000e+000  0.000000000000e+000  0.000000000000e+000  0.000000000000e+000  0.000000000000e+000  0.000000000000e+000  0.000000000000e+000
  0.000000000000e+000  0.000000000000e+000  0.000000000000e+000  0.000000000000e+000  0.000000000000e+000  6.762802600861e-002  6.079936027527e-001  3.214602768421e-001  2.918152138591e-003  0.000000000000e+000  0.000000000000e+000  0.000000000000e+000  0.000000000000e+000  0.000000000000e+000  0.000000000000e+000  0.000000000000e+000  0.000000000000e+000  0.000000000000e+000
  0.000000000000e+000  0.000000000000e+000  0.000000000000e+000  0.000000000000e+000  0.000000000000e+000  4.501628130674e-002  5.637443065643e-001  3.838713765144e-001  7.368071004748e-003  0.000000000000e+000  0.000000000000e+000  0.000000000000e+000  0.000000000000e+000  0.000000000000e+000  0.000000000000e+000  0.000000000000e+000  0.000000000000e+000  0.000000000000e+000
  0.000000000000e+000  0.000000000000e+000  0.000000000000e+000  0.000000000000e+000  0.000000000000e+000  2.810682170093e-002  5.112096071243e-001  4.457463026047e-001  1.493717916310e-002  0.000000000000e+000  0.000000000000e+000  0.000000000000e+000  0.000000000000e+000  0.000000000000e+000  0.000000000000e+000  0.000000000000e+000  0.000000000000e+000  0.000000000000e+000
  0.000000000000e+000  0.000000000000e+000  0.000000000000e+000  0.000000000000e+000  0.000000000000e+000  1.607109792531e-002  4.528753757477e-001  5.045995712280e-001  2.645401097834e-002  0.000000000000e+000  0.000000000000e+000  0.000000000000e+000  0.000000000000e+000  0.000000000000e+000  0.000000000000e+000  0.000000000000e+000  0.000000000000e+000  0.000000000000e+000
  0.000000000000e+000  0.000000000000e+000  0.000000000000e+000  0.000000000000e+000  0.000000000000e+000  8.080575615168e-003  3.912268280983e-001  5.579454898834e-001  4.274710267782e-002  0.000000000000e+000  0.000000000000e+000  0.000000000000e+000  0.000000000000e+000  0.000000000000e+000  0.000000000000e+000  0.000000000000e+000  0.000000000000e+000  0.000000000000e+000
  0.000000000000e+000  0.000000000000e+000  0.000000000000e+000  0.000000000000e+000  0.000000000000e+000  3.306721569970e-003  3.287498354912e-001  6.032984852791e-001  6.464498490095e-002  0.000000000000e+000  0.000000000000e+000  0.000000000000e+000  0.000000000000e+000  0.000000000000e+000  0.000000000000e+000  0.000000000000e+000  0.000000000000e+000  0.000000000000e+000
  0.000000000000e+000  0.000000000000e+000  0.000000000000e+000  0.000000000000e+000  0.000000000000e+000  9.209993295372e-004  2.679300606251e-001  6.381728053093e-001  9.297608584166e-002  0.000000000000e+000  0.000000000000e+000  0.000000000000e+000  0.000000000000e+000  0.000000000000e+000  0.000000000000e+000  0.000000000000e+000  0.000000000000e+000  0.000000000000e+000
  0.000000000000e+000  0.000000000000e+000  0.000000000000e+000  0.000000000000e+000  0.000000000000e+000  9.485999908065e-005  2.112529873848e-001  6.600831151009e-001  1.285689920187e-001  0.000000000000e+000  0.000000000000e+000  0.000000000000e+000  0.000000000000e+000  0.000000000000e+000  0.000000000000e+000  0.000000000000e+000  0.000000000000e+000  0.000000000000e+000
  0.000000000000e+000  0.000000000000e+000  0.000000000000e+000  0.000000000000e+000  0.000000000000e+000  0.000000000000e+000  1.612029373646e-001  6.665451526642e-001  1.722516566515e-001  2.248917780889e-007  0.000000000000e+000  0.000000000000e+000  0.000000000000e+000  0.000000000000e+000  0.000000000000e+000  0.000000000000e+000  0.000000000000e+000  0.000000000000e+000
  0.000000000000e+000  0.000000000000e+000  0.000000000000e+000  0.000000000000e+000  0.000000000000e+000  0.000000000000e+000  1.194974556565e-001  6.562258005142e-001  2.240839451551e-001  1.927892590174e-004  0.000000000000e+000  0.000000000000e+000  0.000000000000e+000  0.000000000000e+000  0.000000000000e+000  0.000000000000e+000  0.000000000000e+000  0.000000000000e+000
  0.000000000000e+000  0.000000000000e+000  0.000000000000e+000  0.000000000000e+000  0.000000000000e+000  0.000000000000e+000  8.568747341633e-002  6.310414075851e-001  2.819597125053e-001  1.311372616328e-003  0.000000000000e+000  0.000000000000e+000  0.000000000000e+000  0.000000000000e+000  0.000000000000e+000  0.000000000000e+000  0.000000000000e+000  0.000000000000e+000
  0.000000000000e+000  0.000000000000e+000  0.000000000000e+000  0.000000000000e+000  0.000000000000e+000  0.000000000000e+000  5.894444882870e-002  5.934777259827e-001  3.433932960033e-001  4.184513352811e-003  0.000000000000e+000  0.000000000000e+000  0.000000000000e+000  0.000000000000e+000  0.000000000000e+000  0.000000000000e+000  0.000000000000e+000  0.000000000000e+000
  0.000000000000e+000  0.000000000000e+000  0.000000000000e+000  0.000000000000e+000  0.000000000000e+000  0.000000000000e+000  3.843995183706e-002  5.460206270218e-001  4.058986306190e-001  9.640701115131e-003  0.000000000000e+000  0.000000000000e+000  0.000000000000e+000  0.000000000000e+000  0.000000000000e+000  0.000000000000e+000  0.000000000000e+000  0.000000000000e+000
  0.000000000000e+000  0.000000000000e+000  0.000000000000e+000  0.000000000000e+000  0.000000000000e+000  0.000000000000e+000  2.334517054260e-002  4.911552071571e-001  4.669910669327e-001  1.850854605436e-002  0.000000000000e+000  0.000000000000e+000  0.000000000000e+000  0.000000000000e+000  0.000000000000e+000  0.000000000000e+000  0.000000000000e+000  0.000000000000e+000
  0.000000000000e+000  0.000000000000e+000  0.000000000000e+000  0.000000000000e+000  0.000000000000e+000  0.000000000000e+000  1.283178571612e-002  4.313676953316e-001  5.241841077805e-001  3.161644935608e-002  0.000000000000e+000  0.000000000000e+000  0.000000000000e+000  0.000000000000e+000  0.000000000000e+000  0.000000000000e+000  0.000000000000e+000  0.000000000000e+000
  0.000000000000e+000  0.000000000000e+000  0.000000000000e+000  0.000000000000e+000  0.000000000000e+000  0.000000000000e+000  6.071114912629e-003  3.691428601742e-001  5.749928951263e-001  4.979313537478e-002  0.000000000000e+000  0.000000000000e+000  0.000000000000e+000  0.000000000000e+000  0.000000000000e+000  0.000000000000e+000  0.000000000000e+000  0.000000000000e+000
  0.000000000000e+000  0.000000000000e+000  0.000000000000e+000  0.000000000000e+000  0.000000000000e+000  0.000000000000e+000  2.234701532871e-003  3.069667518139e-001  6.169314980507e-001  7.386705279350e-002  0.000000000000e+000  0.000000000000e+000  0.000000000000e+000  0.000000000000e+000  0.000000000000e+000  0.000000000000e+000  0.000000000000e+000  0.000000000000e+000
  0.000000000000e+000  0.000000000000e+000  0.000000000000e+000  0.000000000000e+000  0.000000000000e+000  0.000000000000e+000  4.940067883581e-004  2.473249882460e-001  6.475142240524e-001  1.046667471528e-001  0.000000000000e+000  0.000000000000e+000  0.000000000000e+000  0.000000000000e+000  0.000000000000e+000  0.000000000000e+000  0.000000000000e+000  0.000000000000e+000
  0.000000000000e+000  0.000000000000e+000  0.000000000000e+000  0.000000000000e+000  0.000000000000e+000  0.000000000000e+000  2.049046088359e-005  1.927035748959e-001  6.642554998398e-001  1.430204808712e-001  0.000000000000e+000  0.000000000000e+000  0.000000000000e+000  0.000000000000e+000  0.000000000000e+000  0.000000000000e+000  0.000000000000e+000  0.000000000000e+000
  0.000000000000e+000  0.000000000000e+000  0.000000000000e+000  0.000000000000e+000  0.000000000000e+000  0.000000000000e+000  0.000000000000e+000  1.455297470093e-001  6.647561788559e-001  1.896997392178e-001  1.439050993213e-005  0.000000000000e+000  0.000000000000e+000  0.000000000000e+000  0.000000000000e+000  0.000000000000e+000  0.000000000000e+000  0.000000000000e+000
  0.000000000000e+000  0.000000000000e+000  0.000000000000e+000  0.000000000000e+000  0.000000000000e+000  0.000000000000e+000  0.000000000000e+000  1.067057996988e-001  6.489066481590e-001  2.439483851194e-001  4.391635302454e-004  0.000000000000e+000  0.000000000000e+000  0.000000000000e+000  0.000000000000e+000  0.000000000000e+000  0.000000000000e+000  0.000000000000e+000
  0.000000000000e+000  0.000000000000e+000  0.000000000000e+000  0.000000000000e+000  0.000000000000e+000  0.000000000000e+000  0.000000000000e+000  7.548461854458e-002  6.190693974495e-001  3.033636510372e-001  2.082369523123e-003  0.000000000000e+000  0.000000000000e+000  0.000000000000e+000  0.000000000000e+000  0.000000000000e+000  0.000000000000e+000  0.000000000000e+000
  0.000000000000e+000  0.000000000000e+000  0.000000000000e+000  0.000000000000e+000  0.000000000000e+000  0.000000000000e+000  0.000000000000e+000  5.103797093034e-002  5.777300596237e-001  3.654594719410e-001  5.772547796369e-003  0.000000000000e+000  0.000000000000e+000  0.000000000000e+000  0.000000000000e+000  0.000000000000e+000  0.000000000000e+000  0.000000000000e+000
  0.000000000000e+000  0.000000000000e+000  0.000000000000e+000  0.000000000000e+000  0.000000000000e+000  0.000000000000e+000  0.000000000000e+000  3.253730386496e-002  5.273742675781e-001  4.277502000332e-001  1.233823783696e-002  0.000000000000e+000  0.000000000000e+000  0.000000000000e+000  0.000000000000e+000  0.000000000000e+000  0.000000000000e+000  0.000000000000e+000
  0.000000000000e+000  0.000000000000e+000  0.000000000000e+000  0.000000000000e+000  0.000000000000e+000  0.000000000000e+000  0.000000000000e+000  1.915416121483e-002  4.704880714417e-001  4.877499341965e-001  2.260789461434e-002  0.000000000000e+000  0.000000000000e+000  0.000000000000e+000  0.000000000000e+000  0.000000000000e+000  0.000000000000e+000  0.000000000000e+000
  0.000000000000e+000  0.000000000000e+000  0.000000000000e+000  0.000000000000e+000  0.000000000000e+000  0.000000000000e+000  0.000000000000e+000  1.005981583148e-002  4.095562100410e-001  5.429737567902e-001  3.741019219160e-002  0.000000000000e+000  0.000000000000e+000  0.000000000000e+000  0.000000000000e+000  0.000000000000e+000  0.000000000000e+000  0.000000000000e+000
  0.000000000000e+000  0.000000000000e+000  0.000000000000e+000  0.000000000000e+000  0.000000000000e+000  0.000000000000e+000  0.000000000000e+000  4.425845574588e-003  3.470648229122e-001  5.909357666969e-001  5.757362022996e-002  0.000000000000e+000  0.000000000000e+000  0.000000000000e+000  0.000000000000e+000  0.000000000000e+000  0.000000000000e+000  0.000000000000e+000
  0.000000000000e+000  0.000000000000e+000  0.000000000000e+000  0.000000000000e+000  0.000000000000e+000  0.000000000000e+000  0.000000000000e+000  1.423704437912e-003  2.854993939400e-001  6.291502714157e-001  8.392671495676e-002  0.000000000000e+000  0.000000000000e+000  0.000000000000e+000  0.000000000000e+000  0.000000000000e+000  0.000000000000e+000  0.000000000000e+000
  0.000000000000e+000  0.000000000000e+000  0.000000000000e+000  0.000000000000e+000  0.000000000000e+000  0.000000000000e+000  0.000000000000e+000  2.248557721032e-004  2.273455411196e-001  6.551316380501e-001  1.172980070114e-001  0.000000000000e+000  0.000000000000e+000  0.000000000000e+000  0.000000000000e+000  0.000000000000e+000  0.000000000000e+000  0.000000000000e+000
  0.000000000000e+000  0.000000000000e+000  0.000000000000e+000  0.000000000000e+000  0.000000000000e+000  0.000000000000e+000  0.000000000000e+000  7.588745916109e-007  1.750889867544e-001  6.663942933083e-001  1.585160493851e-001  0.000000000000e+000  0.000000000000e+000  0.000000000000e+000  0.000000000000e+000  0.000000000000e+000  0.000000000000e+000  0.000000000000e+000
  0.000000000000e+000  0.000000000000e+000  0.000000000000e+000  0.000000000000e+000  0.000000000000e+000  0.000000000000e+000  0.000000000000e+000  0.000000000000e+000  1.309070140123e-001  6.609153151512e-001  2.081004977226e-001  7.712416118011e-005  0.000000000000e+000  0.000000000000e+000  0.000000000000e+000  0.000000000000e+000  0.000000000000e+000  0.000000000000e+000
  0.000000000000e+000  0.000000000000e+000  0.000000000000e+000  0.000000000000e+000  0.000000000000e+000  0.000000000000e+000  0.000000000000e+000  0.000000000000e+000  9.486087411642e-002  6.398450732231e-001  2.644567787647e-001  8.373296586797e-004  0.000000000000e+000  0.000000000000e+000  0.000000000000e+000  0.000000000000e+000  0.000000000000e+000  0.000000000000e+000
  0.000000000000e+000  0.000000000000e+000  0.000000000000e+000  0.000000000000e+000  0.000000000000e+000  0.000000000000e+000  0.000000000000e+000  0.000000000000e+000  6.612534821033e-002  6.056643128395e-001  3.251019418240e-001  3.108397591859e-003  0.000000000000e+000  0.000000000000e+000  0.000000000000e+000  0.000000000000e+000  0.000000000000e+000  0.000000000000e+000
  0.000000000000e+000  0.000000000000e+000  0.000000000000e+000  0.000000000000e+000  0.000000000000e+000  0.000000000000e+000  0.000000000000e+000  0.000000000000e+000  4.387193173170e-002  5.608588457108e-001  3.875504136086e-001  7.718868553638e-003  0.000000000000e+000  0.000000000000e+000  0.000000000000e+000  0.000000000000e+000  0.000000000000e+000  0.000000000000e+000
  0.000000000000e+000  0.000000000000e+000  0.000000000000e+000  0.000000000000e+000  0.000000000000e+000  0.000000000000e+000  0.000000000000e+000  0.000000000000e+000  2.727205678821e-002  5.079141259193e-001  4.493165314198e-001  1.549728214741e-002  0.000000000000e+000  0.000000000000e+000  0.000000000000e+000  0.000000000000e+000  0.000000000000e+000  0.000000000000e+000
  0.000000000000e+000  0.000000000000e+000  0.000000000000e+000  0.000000000000e+000  0.000000000000e+000  0.000000000000e+000  0.000000000000e+000  0.000000000000e+000  1.549720298499e-002  4.493159651756e-001  5.079147219658e-001  2.727217972279e-002  0.000000000000e+000  0.000000000000e+000  0.000000000000e+000  0.000000000000e+000  0.000000000000e+000  0.000000000000e+000
  0.000000000000e+000  0.000000000000e+000  0.000000000000e+000  0.000000000000e+000  0.000000000000e+000  0.000000000000e+000  0.000000000000e+000  0.000000000000e+000  7.718862500042e-003  3.875502049923e-001  5.608589649200e-001  4.387196153402e-002  0.000000000000e+000  0.000000000000e+000  0.000000000000e+000  0.000000000000e+000  0.000000000000e+000  0.000000000000e+000
  0.000000000000e+000  0.000000000000e+000  0.000000000000e+000  0.000000000000e+000  0.000000000000e+000  0.000000000000e+000  0.000000000000e+000  0.000000000000e+000  3.108395496383e-003  3.251017630100e-001  6.056644916534e-001  6.612540036440e-002  0.000000000000e+000  0.000000000000e+000  0.000000000000e+000  0.000000000000e+000  0.000000000000e+000  0.000000000000e+000
  0.000000000000e+000  0.000000000000e+000  0.000000000000e+000  0.000000000000e+000  0.000000000000e+000  0.000000000000e+000  0.000000000000e+000  0.000000000000e+000  8.373290766031e-004  2.644565701485e-001  6.398451328278e-001  9.486094117165e-002  0.000000000000e+000  0.000000000000e+000  0.000000000000e+000  0.000000000000e+000  0.000000000000e+000  0.000000000000e+000
  0.000000000000e+000  0.000000000000e+000  0.000000000000e+000  0.000000000000e+000  0.000000000000e+000  0.000000000000e+000  0.000000000000e+000  0.000000000000e+000  7.712411024841e-005  2.081003189087e-001  6.609154939651e-001  1.309071183205e-001  0.000000000000e+000  0.000000000000e+000  0.000000000000e+000  0.000000000000e+000  0.000000000000e+000  0.000000000000e+000
  0.000000000000e+000  0.000000000000e+000  0.000000000000e+000  0.000000000000e+000  0.000000000000e+000  0.000000000000e+000  0.000000000000e+000  0.000000000000e+000  0.000000000000e+000  1.585155576468e-001  6.663941740990e-001  1.750894188881e-001  7.589671895403e-007  0.000000000000e+000  0.000000000000e+000  0.000000000000e+000  0.000000000000e+000  0.000000000000e+000
  0.000000000000e+000  0.000000000000e+000  0.000000000000e+000  0.000000000000e+000  0.000000000000e+000  0.000000000000e+000  0.000000000000e+000  0.000000000000e+000  0.000000000000e+000  1.172976046801e-001  6.551314592361e-001  2.273460924625e-001  2.248603268526e-004  0.000000000000e+000  0.000000000000e+000  0.000000000000e+000  0.000000000000e+000  0.000000000000e+000
  0.000000000000e+000  0.000000000000e+000  0.000000000000e+000  0.000000000000e+000  0.000000000000e+000  0.000000000000e+000  0.000000000000e+000  0.000000000000e+000  0.000000000000e+000  8.392658084631e-002  6.291500926018e-001  2.854995429516e-001  1.423707697541e-003  0.000000000000e+000  0.000000000000e+000  0.000000000000e+000  0.000000000000e+000  0.000000000000e+000
  0.000000000000e+000  0.000000000000e+000  0.000000000000e+000  0.000000000000e+000  0.000000000000e+000  0.000000000000e+000  0.000000000000e+000  0.000000000000e+000  0.000000000000e+000  5.757350847125e-002  5.909355878830e-001  3.470650315285e-001  4.425855353475e-003  0.000000000000e+000  0.000000000000e+000  0.000000000000e+000  0.000000000000e+000  0.000000000000e+000
  0.000000000000e+000  0.000000000000e+000  0.000000000000e+000  0.000000000000e+000  0.000000000000e+000  0.000000000000e+000  0.000000000000e+000  0.000000000000e+000  0.000000000000e+000  3.741022944450e-002  5.429738759995e-001  4.095560610294e-001  1.005978882313e-002  0.000000000000e+000  0.000000000000e+000  0.000000000000e+000  0.000000000000e+000  0.000000000000e+000
  0.000000000000e+000  0.000000000000e+000  0.000000000000e+000  0.000000000000e+000  0.000000000000e+000  0.000000000000e+000  0.000000000000e+000  0.000000000000e+000  0.000000000000e+000  2.260791696608e-002  4.877500236034e-001  4.704879522324e-001  1.915412582457e-002  0.000000000000e+000  0.000000000000e+000  0.000000000000e+000  0.000000000000e+000  0.000000000000e+000
  0.000000000000e+000  0.000000000000e+000  0.000000000000e+000  0.000000000000e+000  0.000000000000e+000  0.000000000000e+000  0.000000000000e+000  0.000000000000e+000  0.000000000000e+000  1.233819220215e-002  4.277498424053e-001  5.273745059967e-001  3.253737837076e-002  0.000000000000e+000  0.000000000000e+000  0.000000000000e+000  0.000000000000e+000  0.000000000000e+000
  0.000000000000e+000  0.000000000000e+000  0.000000000000e+000  0.000000000000e+000  0.000000000000e+000  0.000000000000e+000  0.000000000000e+000  0.000000000000e+000  0.000000000000e+000  5.772553849965e-003  3.654595017433e-001  5.777300000191e-001  5.103793740273e-002  0.000000000000e+000  0.000000000000e+000  0.000000000000e+000  0.000000000000e+000  0.000000000000e+000
  0.000000000000e+000  0.000000000000e+000  0.000000000000e+000  0.000000000000e+000  0.000000000000e+000  0.000000000000e+000  0.000000000000e+000  0.000000000000e+000  0.000000000000e+000  2.082371618599e-003  3.033636510372e-001  6.190693378448e-001  7.548459619284e-002  0.000000000000e+000  0.000000000000e+000  0.000000000000e+000  0.000000000000e+000  0.000000000000e+000
  0.000000000000e+000  0.000000000000e+000  0.000000000000e+000  0.000000000000e+000  0.000000000000e+000  0.000000000000e+000  0.000000000000e+000  0.000000000000e+000  0.000000000000e+000  4.391639376990e-004  2.439483851194e-001  6.489065885544e-001  1.067058071494e-001  0.000000000000e+000  0.000000000000e+000  0.000000000000e+000  0.000000000000e+000  0.000000000000e+000
  0.000000000000e+000  0.000000000000e+000  0.000000000000e+000  0.000000000000e+000  0.000000000000e+000  0.000000000000e+000  0.000000000000e+000  0.000000000000e+000  0.000000000000e+000  1.438987874280e-005  1.896993368864e-001  6.647561788559e-001  1.455300599337e-001  0.000000000000e+000  0.000000000000e+000  0.000000000000e+000  0.000000000000e+000  0.000000000000e+000
  0.000000000000e+000  0.000000000000e+000  0.000000000000e+000  0.000000000000e+000  0.000000000000e+000  0.000000000000e+000  0.000000000000e+000  0.000000000000e+000  0.000000000000e+000  0.000000000000e+000  1.430204212666e-001  6.642554402351e-001  1.927036643028e-001  2.049054273812e-005  0.000000000000e+000  0.000000000000e+000  0.000000000000e+000  0.000000000000e+000
  0.000000000000e+000  0.000000000000e+000  0.000000000000e+000  0.000000000000e+000  0.000000000000e+000  0.000000000000e+000  0.000000000000e+000  0.000000000000e+000  0.000000000000e+000  0.000000000000e+000  1.046664565802e-001  6.475139856339e-001  2.473255395889e-001  4.940156359226e-004  0.000000000000e+000  0.000000000000e+000  0.000000000000e+000  0.000000000000e+000
  0.000000000000e+000  0.000000000000e+000  0.000000000000e+000  0.000000000000e+000  0.000000000000e+000  0.000000000000e+000  0.000000000000e+000  0.000000000000e+000  0.000000000000e+000  0.000000000000e+000  7.386700063944e-002  6.169314384460e-001  3.069669604301e-001  2.234710380435e-003  0.000000000000e+000  0.000000000000e+000  0.000000000000e+000  0.000000000000e+000
  0.000000000000e+000  0.000000000000e+000  0.000000000000e+000  0.000000000000e+000  0.000000000000e+000  0.000000000000e+000  0.000000000000e+000  0.000000000000e+000  0.000000000000e+000  0.000000000000e+000  4.979322478175e-002  5.749930739403e-001  3.691427111626e-001  6.071102805436e-003  0.000000000000e+000  0.000000000000e+000  0.000000000000e+000  0.000000000000e+000
  0.000000000000e+000  0.000000000000e+000  0.000000000000e+000  0.000000000000e+000  0.000000000000e+000  0.000000000000e+000  0.000000000000e+000  0.000000000000e+000  0.000000000000e+000  0.000000000000e+000  3.161650523543e-002  5.241841077805e-001  4.313675463200e-001  1.283177826554e-002  0.000000000000e+000  0.000000000000e+000  0.000000000000e+000  0.000000000000e+000
  0.000000000000e+000  0.000000000000e+000  0.000000000000e+000  0.000000000000e+000  0.000000000000e+000  0.000000000000e+000  0.000000000000e+000  0.000000000000e+000  0.000000000000e+000  0.000000000000e+000  1.850850321352e-002  4.669907093048e-001  4.911555647850e-001  2.334526553750e-002  0.000000000000e+000  0.000000000000e+000  0.000000000000e+000  0.000000000000e+000
  0.000000000000e+000  0.000000000000e+000  0.000000000000e+000  0.000000000000e+000  0.000000000000e+000  0.000000000000e+000  0.000000000000e+000  0.000000000000e+000  0.000000000000e+000  0.000000000000e+000  9.640670381486e-003  4.058982431889e-001  5.460210442543e-001  3.844010457397e-002  0.000000000000e+000  0.000000000000e+000  0.000000000000e+000  0.000000000000e+000
  0.000000000000e+000  0.000000000000e+000  0.000000000000e+000  0.000000000000e+000  0.000000000000e+000  0.000000000000e+000  0.000000000000e+000  0.000000000000e+000  0.000000000000e+000  0.000000000000e+000  4.184464458376e-003  3.433923721313e-001  5.934783220291e-001  5.894484743476e-002  0.000000000000e+000  0.000000000000e+000  0.000000000000e+000  0.000000000000e+000
  0.000000000000e+000  0.000000000000e+000  0.000000000000e+000  0.000000000000e+000  0.000000000000e+000  0.000000000000e+000  0.000000000000e+000  0.000000000000e+000  0.000000000000e+000  0.000000000000e+000  1.311361906119e-003  2.819591760635e-001  6.310416460037e-001  8.568781614304e-002  0.000000000000e+000  0.000000000000e+000  0.000000000000e+000  0.000000000000e+000
  0.000000000000e+000  0.000000000000e+000  0.000000000000e+000  0.000000000000e+000  0.000000000000e+000  0.000000000000e+000  0.000000000000e+000  0.000000000000e+000  0.000000000000e+000  0.000000000000e+000  1.927823323058e-004  2.240830659866e-001  6.562260389328e-001  1.194982007146e-001  0.000000000000e+000  0.000000000000e+000  0.000000000000e+000  0.000000000000e+000
  0.000000000000e+000  0.000000000000e+000  0.000000000000e+000  0.000000000000e+000  0.000000000000e+000  0.000000000000e+000  0.000000000000e+000  0.000000000000e+000  0.000000000000e+000  0.000000000000e+000  2.248518171655e-007  1.722511351109e-001  6.665450334549e-001  1.612035781145e-001  0.000000000000e+000  0.000000000000e+000  0.000000000000e+000  0.000000000000e+000
  0.000000000000e+000  0.000000000000e+000  0.000000000000e+000  0.000000000000e+000  0.000000000000e+000  0.000000000000e+000  0.000000000000e+000  0.000000000000e+000  0.000000000000e+000  0.000000000000e+000  0.000000000000e+000  1.285687834024e-001  6.600828766823e-001  2.112534642220e-001  9.486079216003e-005  0.000000000000e+000  0.000000000000e+000  0.000000000000e+000
  0.000000000000e+000  0.000000000000e+000  0.000000000000e+000  0.000000000000e+000  0.000000000000e+000  0.000000000000e+000  0.000000000000e+000  0.000000000000e+000  0.000000000000e+000  0.000000000000e+000  0.000000000000e+000  9.297542273998e-002  6.381720304489e-001  2.679315209389e-001  9.210277348757e-004  0.000000000000e+000  0.000000000000e+000  0.000000000000e+000
  0.000000000000e+000  0.000000000000e+000  0.000000000000e+000  0.000000000000e+000  0.000000000000e+000  0.000000000000e+000  0.000000000000e+000  0.000000000000e+000  0.000000000000e+000  0.000000000000e+000  0.000000000000e+000  6.464444100857e-002  6.032972931862e-001  3.287514746189e-001  3.306797472760e-003  0.000000000000e+000  0.000000000000e+000  0.000000000000e+000
  0.000000000000e+000  0.000000000000e+000  0.000000000000e+000  0.000000000000e+000  0.000000000000e+000  0.000000000000e+000  0.000000000000e+000  0.000000000000e+000  0.000000000000e+000  0.000000000000e+000  0.000000000000e+000  4.274659976363e-002  5.579438209534e-001  3.912288248539e-001  8.080753497779e-003  0.000000000000e+000  0.000000000000e+000  0.000000000000e+000
  0.000000000000e+000  0.000000000000e+000  0.000000000000e+000  0.000000000000e+000  0.000000000000e+000  0.000000000000e+000  0.000000000000e+000  0.000000000000e+000  0.000000000000e+000  0.000000000000e+000  0.000000000000e+000  2.645377255976e-002  5.045982003212e-001  4.528767764568e-001  1.607130095363e-002  0.000000000000e+000  0.000000000000e+000  0.000000000000e+000
  0.000000000000e+000  0.000000000000e+000  0.000000000000e+000  0.000000000000e+000  0.000000000000e+000  0.000000000000e+000  0.000000000000e+000  0.000000000000e+000  0.000000000000e+000  0.000000000000e+000  0.000000000000e+000  1.493696961552e-002  4.457445144653e-001  5.112112760544e-001  2.810720354319e-002  0.000000000000e+000  0.000000000000e+000  0.000000000000e+000
  0.000000000000e+000  0.000000000000e+000  0.000000000000e+000  0.000000000000e+000  0.000000000000e+000  0.000000000000e+000  0.000000000000e+000  0.000000000000e+000  0.000000000000e+000  0.000000000000e+000  0.000000000000e+000  7.367995101959e-003  3.838700652122e-001  5.637453198433e-001  4.501665383577e-002  0.000000000000e+000  0.000000000000e+000  0.000000000000e+000
  0.000000000000e+000  0.000000000000e+000  0.000000000000e+000  0.000000000000e+000  0.000000000000e+000  0.000000000000e+000  0.000000000000e+000  0.000000000000e+000  0.000000000000e+000  0.000000000000e+000  0.000000000000e+000  2.918141195551e-003  3.214595317841e-001  6.079940199852e-001  6.762830168009e-002  0.000000000000e+000  0.000000000000e+000  0.000000000000e+000
  0.000000000000e+000  0.000000000000e+000  0.000000000000e+000  0.000000000000e+000  0.000000000000e+000  0.000000000000e+000  0.000000000000e+000  0.000000000000e+000  0.000000000000e+000  0.000000000000e+000  0.000000000000e+000  7.588801090606e-004  2.609976530075e-001  6.414723396301e-001  9.677114337683e-002  0.000000000000e+000  0.000000000000e+000  0.000000000000e+000
  0.000000000000e+000  0.000000000000e+000  0.000000000000e+000  0.000000000000e+000  0.000000000000e+000  0.000000000000e+000  0.000000000000e+000  0.000000000000e+000  0.000000000000e+000  0.000000000000e+000  0.000000000000e+000  6.175206362968e-005  2.049716860056e-001  6.616936922073e-001  1.332728713751e-001  0.000000000000e+000  0.000000000000e+000  0.000000000000e+000
  0.000000000000e+000  0.000000000000e+000  0.000000000000e+000  0.000000000000e+000  0.000000000000e+000  0.000000000000e+000  0.000000000000e+000  0.000000000000e+000  0.000000000000e+000  0.000000000000e+000  0.000000000000e+000  0.000000000000e+000  1.558585017920e-001  6.661838293076e-001  1.779558658600e-001  1.798852508728e-006  0.000000000000e+000  0.000000000000e+000
  0.000000000000e+000  0.000000000000e+000  0.000000000000e+000  0.000000000000e+000  0.000000000000e+000  0.000000000000e+000  0.000000000000e+000  0.000000000000e+000  0.000000000000e+000  0.000000000000e+000  0.000000000000e+000  0.000000000000e+000  1.151254549623e-001  6.539864540100e-001  2.306277751923e-001  2.602951426525e-004  0.000000000000e+000  0.000000000000e+000
  0.000000000000e+000  0.000000000000e+000  0.000000000000e+000  0.000000000000e+000  0.000000000000e+000  0.000000000000e+000  0.000000000000e+000  0.000000000000e+000  0.000000000000e+000  0.000000000000e+000  0.000000000000e+000  0.000000000000e+000  8.219026774168e-002  6.272168755531e-001  2.890506684780e-001  1.542262034491e-003  0.000000000000e+000  0.000000000000e+000
  0.000000000000e+000  0.000000000000e+000  0.000000000000e+000  0.000000000000e+000  0.000000000000e+000  0.000000000000e+000  0.000000000000e+000  0.000000000000e+000  0.000000000000e+000  0.000000000000e+000  0.000000000000e+000  0.000000000000e+000  5.622410401702e-002  5.883598327637e-001  3.507398068905e-001  4.676283337176e-003  0.000000000000e+000  0.000000000000e+000
  0.000000000000e+000  0.000000000000e+000  0.000000000000e+000  0.000000000000e+000  0.000000000000e+000  0.000000000000e+000  0.000000000000e+000  0.000000000000e+000  0.000000000000e+000  0.000000000000e+000  0.000000000000e+000  0.000000000000e+000  3.639916330576e-002  5.399021506310e-001  4.132078289986e-001  1.049080304801e-002  0.000000000000e+000  0.000000000000e+000
  0.000000000000e+000  0.000000000000e+000  0.000000000000e+000  0.000000000000e+000  0.000000000000e+000  0.000000000000e+000  0.000000000000e+000  0.000000000000e+000  0.000000000000e+000  0.000000000000e+000  0.000000000000e+000  0.000000000000e+000  2.188635617495e-002  4.843281507492e-001  4.739708900452e-001  1.981453411281e-002  0.000000000000e+000  0.000000000000e+000
  0.000000000000e+000  0.000000000000e+000  0.000000000000e+000  0.000000000000e+000  0.000000000000e+000  0.000000000000e+000  0.000000000000e+000  0.000000000000e+000  0.000000000000e+000  0.000000000000e+000  0.000000000000e+000  0.000000000000e+000  1.185755152255e-002  4.241248965263e-001  5.305417776108e-001  3.347574546933e-002  0.000000000000e+000  0.000000000000e+000
  0.000000000000e+000  0.000000000000e+000  0.000000000000e+000  0.000000000000e+000  0.000000000000e+000  0.000000000000e+000  0.000000000000e+000  0.000000000000e+000  0.000000000000e+000  0.000000000000e+000  0.000000000000e+000  0.000000000000e+000  5.483998917043e-003  3.617772459984e-001  5.804356932640e-001  5.230306461453e-002  0.000000000000e+000  0.000000000000e+000
  0.000000000000e+000  0.000000000000e+000  0.000000000000e+000  0.000000000000e+000  0.000000000000e+000  0.000000000000e+000  0.000000000000e+000  0.000000000000e+000  0.000000000000e+000  0.000000000000e+000  0.000000000000e+000  0.000000000000e+000  1.937140594237e-003  2.997698783875e-001  6.211674809456e-001  7.712540775537e-002  0.000000000000e+000  0.000000000000e+000
  0.000000000000e+000  0.000000000000e+000  0.000000000000e+000  0.000000000000e+000  0.000000000000e+000  0.000000000000e+000  0.000000000000e+000  0.000000000000e+000  0.000000000000e+000  0.000000000000e+000  0.000000000000e+000  0.000000000000e+000  3.885501064360e-004  2.405901849270e-001  6.502505540848e-001  1.087706163526e-001  0.000000000000e+000  0.000000000000e+000
  0.000000000000e+000  0.000000000000e+000  0.000000000000e+000  0.000000000000e+000  0.000000000000e+000  0.000000000000e+000  0.000000000000e+000  0.000000000000e+000  0.000000000000e+000  0.000000000000e+000  0.000000000000e+000  0.000000000000e+000  9.640181815485e-006  1.867220699787e-001  6.652001142502e-001  1.480681151152e-001  0.000000000000e+000  0.000000000000e+000
  0.000000000000e+000  0.000000000000e+000  0.000000000000e+000  0.000000000000e+000  0.000000000000e+000  0.000000000000e+000  0.000000000000e+000  0.000000000000e+000  0.000000000000e+000  0.000000000000e+000  0.000000000000e+000  0.000000000000e+000  0.000000000000e+000  1.405402421951e-001  6.636986732483e-001  1.957329064608e-001  2.810706064338e-005  0.000000000000e+000
  0.000000000000e+000  0.000000000000e+000  0.000000000000e+000  0.000000000000e+000  0.000000000000e+000  0.000000000000e+000  0.000000000000e+000  0.000000000000e+000  0.000000000000e+000  0.000000000000e+000  0.000000000000e+000  0.000000000000e+000  0.000000000000e+000  1.026533618569e-001  6.460741162300e-001  2.507192194462e-001  5.532386712730e-004  0.000000000000e+000
  0.000000000000e+000  0.000000000000e+000  0.000000000000e+000  0.000000000000e+000  0.000000000000e+000  0.000000000000e+000  0.000000000000e+000  0.000000000000e+000  0.000000000000e+000  0.000000000000e+000  0.000000000000e+000  0.000000000000e+000  0.000000000000e+000  7.227255403996e-002  6.147546768188e-001  3.105784952641e-001  2.394271548837e-003  0.000000000000e+000
  0.000000000000e+000  0.000000000000e+000  0.000000000000e+000  0.000000000000e+000  0.000000000000e+000  0.000000000000e+000  0.000000000000e+000  0.000000000000e+000  0.000000000000e+000  0.000000000000e+000  0.000000000000e+000  0.000000000000e+000  0.000000000000e+000  4.856868088245e-002  5.722257494926e-001  3.728258609772e-001  6.379730999470e-003  0.000000000000e+000
  0.000000000000e+000  0.000000000000e+000  0.000000000000e+000  0.000000000000e+000  0.000000000000e+000  0.000000000000e+000  0.000000000000e+000  0.000000000000e+000  0.000000000000e+000  0.000000000000e+000  0.000000000000e+000  0.000000000000e+000  0.000000000000e+000  3.071299940348e-002  5.209720730782e-001  4.349765479565e-001  1.333826221526e-002  0.000000000000e+000
  0.000000000000e+000  0.000000000000e+000  0.000000000000e+000  0.000000000000e+000  0.000000000000e+000  0.000000000000e+000  0.000000000000e+000  0.000000000000e+000  0.000000000000e+000  0.000000000000e+000  0.000000000000e+000  0.000000000000e+000  0.000000000000e+000  1.787750236690e-002  4.634809494019e-001  4.945433735847e-001  2.409820072353e-002  0.000000000000e+000
  0.000000000000e+000  0.000000000000e+000  0.000000000000e+000  0.000000000000e+000  0.000000000000e+000  0.000000000000e+000  0.000000000000e+000  0.000000000000e+000  0.000000000000e+000  0.000000000000e+000  0.000000000000e+000  0.000000000000e+000  0.000000000000e+000  9.233271703124e-003  4.022360742092e-001  5.490422248840e-001  3.948839381337e-002  0.000000000000e+000
  0.000000000000e+000  0.000000000000e+000  0.000000000000e+000  0.000000000000e+000  0.000000000000e+000  0.000000000000e+000  0.000000000000e+000  0.000000000000e+000  0.000000000000e+000  0.000000000000e+000  0.000000000000e+000  0.000000000000e+000  0.000000000000e+000  3.952020313591e-003  3.397250175476e-001  5.959860682487e-001  6.033694371581e-002  0.000000000000e+000
  0.000000000000e+000  0.000000000000e+000  0.000000000000e+000  0.000000000000e+000  0.000000000000e+000  0.000000000000e+000  0.000000000000e+000  0.000000000000e+000  0.000000000000e+000  0.000000000000e+000  0.000000000000e+000  0.000000000000e+000  0.000000000000e+000  1.205076929182e-003  2.784323096275e-001  6.328899860382e-001  8.747256547213e-002  0.000000000000e+000
  0.000000000000e+000  0.000000000000e+000  0.000000000000e+000  0.000000000000e+000  0.000000000000e+000  0.000000000000e+000  0.000000000000e+000  0.000000000000e+000  0.000000000000e+000  0.000000000000e+000  0.000000000000e+000  0.000000000000e+000  0.000000000000e+000  1.639137190068e-004  2.208429127932e-001  6.572688817978e-001  1.217242851853e-001  0.000000000000e+000
  0.000000000000e+000  0.000000000000e+000  0.000000000000e+000  0.000000000000e+000  0.000000000000e+000  0.000000000000e+000  0.000000000000e+000  0.000000000000e+000  0.000000000000e+000  0.000000000000e+000  0.000000000000e+000  0.000000000000e+000  0.000000000000e+000  2.809694699124e-008  1.694439500570e-001  6.666363477707e-001  1.639197170734e-001  0.000000000000e+000
  0.000000000000e+000  0.000000000000e+000  0.000000000000e+000  0.000000000000e+000  0.000000000000e+000  0.000000000000e+000  0.000000000000e+000  0.000000000000e+000  0.000000000000e+000  0.000000000000e+000  0.000000000000e+000  0.000000000000e+000  0.000000000000e+000  0.000000000000e+000  1.262591183186e-001  6.591977477074e-001  2.145014852285e-001  4.167635779595e-005
  0.000000000000e+000  0.000000000000e+000  0.000000000000e+000  0.000000000000e+000  0.000000000000e+000  0.000000000000e+000  0.000000000000e+000  0.000000000000e+000  0.000000000000e+000  0.000000000000e+000  0.000000000000e+000  0.000000000000e+000  0.000000000000e+000  0.000000000000e+000  9.111639112234e-002  6.364558935165e-001  2.720620036125e-001  3.656425978988e-004
  0.000000000000e+000  0.000000000000e+000  0.000000000000e+000  0.000000000000e+000  0.000000000000e+000  0.000000000000e+000  0.000000000000e+000  0.000000000000e+000  0.000000000000e+000  0.000000000000e+000  0.000000000000e+000  0.000000000000e+000  0.000000000000e+000  0.000000000000e+000  6.318639218807e-002  6.008958816528e-001  3.346459269524e-001  1.271822606213e-003
  0.000000000000e+000  0.000000000000e+000  0.000000000000e+000  0.000000000000e+000  0.000000000000e+000  0.000000000000e+000  0.000000000000e+000  0.000000000000e+000  0.000000000000e+000  0.000000000000e+000  0.000000000000e+000  0.000000000000e+000  0.000000000000e+000  0.000000000000e+000  4.164134338498e-002  5.550040006638e-001  4.002946317196e-001  3.060109913349e-003
  0.000000000000e+000  0.000000000000e+000  0.000000000000e+000  0.000000000000e+000  0.000000000000e+000  0.000000000000e+000  0.000000000000e+000  0.000000000000e+000  0.000000000000e+000  0.000000000000e+000  0.000000000000e+000  0.000000000000e+000  0.000000000000e+000  0.000000000000e+000  2.565228007734e-002  5.012654662132e-001  4.670517742634e-001  6.030427757651e-003
  0.000000000000e+000  0.000000000000e+000  0.000000000000e+000  0.000000000000e+000  0.000000000000e+000  0.000000000000e+000  0.000000000000e+000  0.000000000000e+000  0.000000000000e+000  0.000000000000e+000  0.000000000000e+000  0.000000000000e+000  0.000000000000e+000  0.000000000000e+000  1.439056266099e-002  4.421651363373e-001  5.329614877701e-001  1.048276852816e-002
  0.000000000000e+000  0.000000000000e+000  0.000000000000e+000  0.000000000000e+000  0.000000000000e+000  0.000000000000e+000  0.000000000000e+000  0.000000000000e+000  0.000000000000e+000  0.000000000000e+000  0.000000000000e+000  0.000000000000e+000  0.000000000000e+000  0.000000000000e+000  7.027968764305e-003  3.801901340485e-001  5.960649251938e-001  1.671692170203e-002
  0.000000000000e+000  0.000000000000e+000  0.000000000000e+000  0.000000000000e+000  0.000000000000e+000  0.000000000000e+000  0.000000000000e+000  0.000000000000e+000  0.000000000000e+000  0.000000000000e+000  0.000000000000e+000  0.000000000000e+000  0.000000000000e+000  0.000000000000e+000  2.735744696110e-003  3.178244233131e-001  6.544069051743e-001  2.503298968077e-002
  0.000000000000e+000  0.000000000000e+000  0.000000000000e+000  0.000000000000e+000  0.000000000000e+000  0.000000000000e+000  0.000000000000e+000  0.000000000000e+000  0.000000000000e+000  0.000000000000e+000  0.000000000000e+000  0.000000000000e+000  0.000000000000e+000  0.000000000000e+000  6.854779203422e-004  2.575552761555e-001  7.060285806656e-001  3.573065996170e-002
  0.000000000000e+000  0.000000000000e+000  0.000000000000e+000  0.000000000000e+000  0.000000000000e+000  0.000000000000e+000  0.000000000000e+000  0.000000000000e+000  0.000000000000e+000  0.000000000000e+000  0.000000000000e+000  0.000000000000e+000  0.000000000000e+000  0.000000000000e+000  4.856611121795e-005  2.018674612045e-001  7.489739656448e-001  4.910994321108e-002
  0.000000000000e+000  0.000000000000e+000  0.000000000000e+000  0.000000000000e+000  0.000000000000e+000  0.000000000000e+000  0.000000000000e+000  0.000000000000e+000  0.000000000000e+000  0.000000000000e+000  0.000000000000e+000  0.000000000000e+000  0.000000000000e+000  0.000000000000e+000  0.000000000000e+000  1.532318443060e-001  7.813000679016e-001  6.546773761511e-002
  0.000000000000e+000  0.000000000000e+000  0.000000000000e+000  0.000000000000e+000  0.000000000000e+000  0.000000000000e+000  0.000000000000e+000  0.000000000000e+000  0.000000000000e+000  0.000000000000e+000  0.000000000000e+000  0.000000000000e+000  0.000000000000e+000  0.000000000000e+000  0.000000000000e+000  1.129803657532e-001  8.021527528763e-001  8.483310788870e-002
  0.000000000000e+000  0.000000000000e+000  0.000000000000e+000  0.000000000000e+000  0.000000000000e+000  0.000000000000e+000  0.000000000000e+000  0.000000000000e+000  0.000000000000e+000  0.000000000000e+000  0.000000000000e+000  0.000000000000e+000  0.000000000000e+000  0.000000000000e+000  0.000000000000e+000  8.047763258219e-002  8.125577569008e-001  1.067762598395e-001
  0.000000000000e+000  0.000000000000e+000  0.000000000000e+000  0.000000000000e+000  0.000000000000e+000  0.000000000000e+000  0.000000000000e+000  0.000000000000e+000  0.000000000000e+000  0.000000000000e+000  0.000000000000e+000  0.000000000000e+000  0.000000000000e+000  0.000000000000e+000  0.000000000000e+000  5.489601939917e-002  8.137255311012e-001  1.308207511902e-001
  0.000000000000e+000  0.000000000000e+000  0.000000000000e+000  0.000000000000e+000  0.000000000000e+000  0.000000000000e+000  0.000000000000e+000  0.000000000000e+000  0.000000000000e+000  0.000000000000e+000  0.000000000000e+000  0.000000000000e+000  0.000000000000e+000  0.000000000000e+000  0.000000000000e+000  3.540649265051e-002  8.068672418594e-001  1.564909815788e-001
  0.000000000000e+000  0.000000000000e+000  0.000000000000e+000  0.000000000000e+000  0.000000000000e+000  0.000000000000e+000  0.000000000000e+000  0.000000000000e+000  0.000000000000e+000  0.000000000000e+000  0.000000000000e+000  0.000000000000e+000  0.000000000000e+000  0.000000000000e+000  0.000000000000e+000  2.118037082255e-002  7.931931614876e-001  1.833116114140e-001
  0.000000000000e+000  0.000000000000e+000  0.000000000000e+000  0.000000000000e+000  0.000000000000e+000  0.000000000000e+000  0.000000000000e+000  0.000000000000e+000  0.000000000000e+000  0.000000000000e+000  0.000000000000e+000  0.000000000000e+000  0.000000000000e+000  0.000000000000e+000  0.000000000000e+000  1.138952188194e-002  7.739145159721e-001  2.108059525490e-001
  0.000000000000e+000  0.000000000000e+000  0.000000000000e+000  0.000000000000e+000  0.000000000000e+000  0.000000000000e+000  0.000000000000e+000  0.000000000000e+000  0.000000000000e+000  0.000000000000e+000  0.000000000000e+000  0.000000000000e+000  0.000000000000e+000  0.000000000000e+000  0.000000000000e+000  5.205122288316e-003  7.502414584160e-001  2.384989857674e-001
  0.000000000000e+000  0.000000000000e+000  0.000000000000e+000  0.000000000000e+000  0.000000000000e+000  0.000000000000e+000  0.000000000000e+000  0.000000000000e+000  0.000000000000e+000  0.000000000000e+000  0.000000000000e+000  0.000000000000e+000  0.000000000000e+000  0.000000000000e+000  0.000000000000e+000  1.798815908842e-003  7.233856320381e-001  2.659141123295e-001
  0.000000000000e+000  0.000000000000e+000  0.000000000000e+000  0.000000000000e+000  0.000000000000e+000  0.000000000000e+000  0.000000000000e+000  0.000000000000e+000  0.000000000000e+000  0.000000000000e+000  0.000000000000e+000  0.000000000000e+000  0.000000000000e+000  0.000000000000e+000  0.000000000000e+000  3.419618878979e-004  6.945568919182e-001  2.925762236118e-001
  0.000000000000e+000  0.000000000000e+000  0.000000000000e+000  0.000000000000e+000  0.000000000000e+000  0.000000000000e+000  0.000000000000e+000  0.000000000000e+000  0.000000000000e+000  0.000000000000e+000  0.000000000000e+000  0.000000000000e+000  0.000000000000e+000  0.000000000000e+000  0.000000000000e+000  6.070386007195e-006  6.649667620659e-001  3.180087506771e-001
  0.000000000000e+000  0.000000000000e+000  0.000000000000e+000  0.000000000000e+000  0.000000000000e+000  0.000000000000e+000  0.000000000000e+000  0.000000000000e+000  0.000000000000e+000  0.000000000000e+000  0.000000000000e+000  0.000000000000e+000  0.000000000000e+000  0.000000000000e+000  0.000000000000e+000  0.000000000000e+000  6.357704997063e-001  3.417597711086e-001
  0.000000000000e+000  0.000000000000e+000  0.000000000000e+000  0.000000000000e+000  0.000000000000e+000  0.000000000000e+000  0.000000000000e+000  0.000000000000e+000  0.000000000000e+000  0.000000000000e+000  0.000000000000e+000  0.000000000000e+000  0.000000000000e+000  0.000000000000e+000  0.000000000000e+000  0.000000000000e+000  6.074328422546e-001  3.636712431908e-001
  0.000000000000e+000  0.000000000000e+000  0.000000000000e+000  0.000000000000e+000  0.000000000000e+000  0.000000000000e+000  0.000000000000e+000  0.000000000000e+000  0.000000000000e+000  0.000000000000e+000  0.000000000000e+000  0.000000000000e+000  0.000000000000e+000  0.000000000000e+000  0.000000000000e+000  0.000000000000e+000  5.799502134323e-001  3.837838768959e-001
  0.000000000000e+000  0.000000000000e+000  0.000000000000e+000  0.000000000000e+000  0.000000000000e+000  0.000000000000e+000  0.000000000000e+000  0.000000000000e+000  0.000000000000e+000  0.000000000000e+000  0.000000000000e+000  0.000000000000e+000  0.000000000000e+000  0.000000000000e+000  0.000000000000e+000  0.000000000000e+000  5.533090233803e-001  4.021436274052e-001
  0.000000000000e+000  0.000000000000e+000  0.000000000000e+000  0.000000000000e+000  0.000000000000e+000  0.000000000000e+000  0.000000000000e+000  0.000000000000e+000  0.000000000000e+000  0.000000000000e+000  0.000000000000e+000  0.000000000000e+000  0.000000000000e+000  0.000000000000e+000  0.000000000000e+000  0.000000000000e+000  5.274968147278e-001  4.187950193882e-001
  0.000000000000e+000  0.000000000000e+000  0.000000000000e+000  0.000000000000e+000  0.000000000000e+000  0.000000000000e+000  0.000000000000e+000  0.000000000000e+000  0.000000000000e+000  0.000000000000e+000  0.000000000000e+000  0.000000000000e+000  0.000000000000e+000  0.000000000000e+000  0.000000000000e+000  0.000000000000e+000  5.025001168251e-001  4.337837100029e-001
  0.000000000000e+000  0.000000000000e+000  0.000000000000e+000  0.000000000000e+000  0.000000000000e+000  0.000000000000e+000  0.000000000000e+000  0.000000000000e+000  0.000000000000e+000  0.000000000000e+000  0.000000000000e+000  0.000000000000e+000  0.000000000000e+000  0.000000000000e+000  0.000000000000e+000  0.000000000000e+000  4.783054590225e-001  4.471549987793e-001
  0.000000000000e+000  0.000000000000e+000  0.000000000000e+000  0.000000000000e+000  0.000000000000e+000  0.000000000000e+000  0.000000000000e+000  0.000000000000e+000  0.000000000000e+000  0.000000000000e+000  0.000000000000e+000  0.000000000000e+000  0.000000000000e+000  0.000000000000e+000  0.000000000000e+000  0.000000000000e+000  4.549005329609e-001  4.589537978172e-001
  0.000000000000e+000  0.000000000000e+000  0.000000000000e+000  0.000000000000e+000  0.000000000000e+000  0.000000000000e+000  0.000000000000e+000  0.000000000000e+000  0.000000000000e+000  0.000000000000e+000  0.000000000000e+000  0.000000000000e+000  0.000000000000e+000  0.000000000000e+000  0.000000000000e+000  0.000000000000e+000  4.322715699673e-001  4.692257642746e-001
  0.000000000000e+000  0.000000000000e+000  0.000000000000e+000  0.000000000000e+000  0.000000000000e+000  0.000000000000e+000  0.000000000000e+000  0.000000000000e+000  0.000000000000e+000  0.000000000000e+000  0.000000000000e+000  0.000000000000e+000  0.000000000000e+000  0.000000000000e+000  0.000000000000e+000  0.000000000000e+000  4.104060828686e-001  4.780156612396e-001
