  7.970982725360e-002  1.005592273515e+000  0.000000000000e+000
  5.283131600763e-001  4.184677148006e+000  0.000000000000e+000
  1.625370916352e+000  7.362972945391e+000  0.000000000000e+000
  3.619943423385e+000  9.674962534947e+000  0.000000000000e+000
  5.442849145532e+000  9.079523550123e+000  0.000000000000e+000
  7.026651589595e+000  7.917581056092e+000  0.000000000000e+000
  8.368532716781e+000  6.483049262062e+000  0.000000000000e+000
  9.422262861166e+000  4.825276207289e+000  0.000000000000e+000
  1.015154049863e+001  3.001355159954e+000  0.000000000000e+000
  1.053130895855e+001  1.074103382354e+000  0.000000000000e+000
  1.054845273539e+001 -8.901424092200e-001  0.000000000000e+000
  1.020237128582e+001 -2.823726350462e+000  0.000000000000e+000
  9.505032328614e+000 -4.660094024811e+000  0.000000000000e+000
  8.480410340223e+000 -6.336012917321e+000  0.000000000000e+000
  7.163765172739e+000 -7.793742609465e+000  0.000000000000e+000
  5.600479378888e+000 -8.983145262817e+000  0.000000000000e+000
  5.278030665042e+000 -1.809557876529e+001  4.780517291388e-015
  9.568976558536e-001 -6.294830821752e+000  4.950609262194e-015
