  0.000000000000e+000  0.000000000000e+000  0.000000000000e+000  0.000000000000e+000  0.000000000000e+000  0.000000000000e+000  0.000000000000e+000  0.000000000000e+000  0.000000000000e+000  0.000000000000e+000  0.000000000000e+000  0.000000000000e+000  0.000000000000e+000  0.000000000000e+000  0.000000000000e+000  0.000000000000e+000  0.000000000000e+000  0.000000000000e+000  0.000000000000e+000  0.000000000000e+000
  0.000000000000e+000  0.000000000000e+000  0.000000000000e+000  0.000000000000e+000  0.000000000000e+000  0.000000000000e+000  0.000000000000e+000  0.000000000000e+000  0.000000000000e+000  0.000000000000e+000  0.000000000000e+000  0.000000000000e+000  0.000000000000e+000  0.000000000000e+000  0.000000000000e+000  0.000000000000e+000  0.000000000000e+000  0.000000000000e+000  0.000000000000e+000  0.000000000000e+000
  0.000000000000e+000  0.000000000000e+000  0.000000000000e+000  0.000000000000e+000  0.000000000000e+000  0.000000000000e+000  0.000000000000e+000  0.000000000000e+000  0.000000000000e+000  0.000000000000e+000  0.000000000000e+000  0.000000000000e+000  0.000000000000e+000  0.000000000000e+000  0.000000000000e+000  0.000000000000e+000  0.000000000000e+000  0.000000000000e+000  0.000000000000e+000  0.000000000000e+000
  0.000000000000e+000  0.000000000000e+000  0.000000000000e+000  9.999998807907e-001  9.999999403954e-001  0.000000000000e+000  0.000000000000e+000  4.528435847396e-041  9.999999403954e-001  0.000000000000e+000  0.000000000000e+000  9.014132094178e-041  9.999999403954e-001  0.000000000000e+000  0.000000000000e+000  1.325992605817e-040  9.999999403954e-001  0.000000000000e+000  0.000000000000e+000  3.936947800860e-041
  0.000000000000e+000  0.000000000000e+000  0.000000000000e+000  9.999999403954e-001  1.000000000000e+000  0.000000000000e+000  0.000000000000e+000  4.528436117312e-041  1.000000000000e+000  0.000000000000e+000  0.000000000000e+000  9.014132631462e-041  1.000000000000e+000  0.000000000000e+000  0.000000000000e+000  1.325992684852e-040  1.000000000000e+000  0.000000000000e+000  0.000000000000e+000  3.936948035521e-041
  0.000000000000e+000  0.000000000000e+000  0.000000000000e+000  0.000000000000e+000  0.000000000000e+000  0.000000000000e+000  0.000000000000e+000  0.000000000000e+000  0.000000000000e+000  0.000000000000e+000  0.000000000000e+000  0.000000000000e+000  0.000000000000e+000  0.000000000000e+000  0.000000000000e+000  0.000000000000e+000  0.000000000000e+000  0.000000000000e+000  0.000000000000e+000  0.000000000000e+000
  0.000000000000e+000  0.000000000000e+000  0.000000000000e+000  0.000000000000e+000  0.000000000000e+000  0.000000000000e+000  0.000000000000e+000  0.000000000000e+000  0.000000000000e+000  0.000000000000e+000  0.000000000000e+000  0.000000000000e+000  0.000000000000e+000  0.000000000000e+000  0.000000000000e+000  0.000000000000e+000  0.000000000000e+000  0.000000000000e+000  0.000000000000e+000  0.000000000000e+000
  0.000000000000e+000  0.000000000000e+000  0.000000000000e+000  4.528435847396e-041  4.528436117312e-041  0.000000000000e+000  0.000000000000e+000  2.050673366858e-081  4.528436117312e-041  0.000000000000e+000  0.000000000000e+000  4.081992377456e-081  4.528436117312e-041  0.000000000000e+000  0.000000000000e+000  6.004673165375e-081  4.528436117312e-041  0.000000000000e+000  0.000000000000e+000  1.782821767603e-081
  0.000000000000e+000  0.000000000000e+000  0.000000000000e+000  9.999999403954e-001  1.000000000000e+000  0.000000000000e+000  0.000000000000e+000  4.528436117312e-041  1.000000000000e+000  0.000000000000e+000  0.000000000000e+000  9.014132631462e-041  1.000000000000e+000  0.000000000000e+000  0.000000000000e+000  1.325992684852e-040  1.000000000000e+000  0.000000000000e+000  0.000000000000e+000  3.936948035521e-041
  0.000000000000e+000  0.000000000000e+000  0.000000000000e+000  0.000000000000e+000  0.000000000000e+000  0.000000000000e+000  0.000000000000e+000  0.000000000000e+000  0.000000000000e+000  0.000000000000e+000  0.000000000000e+000  0.000000000000e+000  0.000000000000e+000  0.000000000000e+000  0.000000000000e+000  0.000000000000e+000  0.000000000000e+000  0.000000000000e+000  0.000000000000e+000  0.000000000000e+000
  0.000000000000e+000  0.000000000000e+000  0.000000000000e+000  0.000000000000e+000  0.000000000000e+000  0.000000000000e+000  0.000000000000e+000  0.000000000000e+000  0.000000000000e+000  0.000000000000e+000  0.000000000000e+000  0.000000000000e+000  0.000000000000e+000  0.000000000000e+000  0.000000000000e+000  0.000000000000e+000  0.000000000000e+000  0.000000000000e+000  0.000000000000e+000  0.000000000000e+000
  0.000000000000e+000  0.000000000000e+000  0.000000000000e+000  9.014132094178e-041  9.014132631462e-041  0.000000000000e+000  0.000000000000e+000  4.081992377456e-081  9.014132631462e-041  0.000000000000e+000  0.000000000000e+000  8.125458709759e-081  9.014132631462e-041  0.000000000000e+000  0.000000000000e+000  1.195267392960e-080  9.014132631462e-041  0.000000000000e+000  0.000000000000e+000  3.548817175536e-081
  0.000000000000e+000  0.000000000000e+000  0.000000000000e+000  9.999999403954e-001  1.000000000000e+000  0.000000000000e+000  0.000000000000e+000  4.528436117312e-041  1.000000000000e+000  0.000000000000e+000  0.000000000000e+000  9.014132631462e-041  1.000000000000e+000  0.000000000000e+000  0.000000000000e+000  1.325992684852e-040  1.000000000000e+000  0.000000000000e+000  0.000000000000e+000  3.936948035521e-041
  0.000000000000e+000  0.000000000000e+000  0.000000000000e+000  0.000000000000e+000  0.000000000000e+000  0.000000000000e+000  0.000000000000e+000  0.000000000000e+000  0.000000000000e+000  0.000000000000e+000  0.000000000000e+000  0.000000000000e+000  0.000000000000e+000  0.000000000000e+000  0.000000000000e+000  0.000000000000e+000  0.000000000000e+000  0.000000000000e+000  0.000000000000e+000  0.000000000000e+000
  0.000000000000e+000  0.000000000000e+000  0.000000000000e+000  0.000000000000e+000  0.000000000000e+000  0.000000000000e+000  0.000000000000e+000  0.000000000000e+000  0.000000000000e+000  0.000000000000e+000  0.000000000000e+000  0.000000000000e+000  0.000000000000e+000  0.000000000000e+000  0.000000000000e+000  0.000000000000e+000  0.000000000000e+000  0.000000000000e+000  0.000000000000e+000  0.000000000000e+000
  0.000000000000e+000  0.000000000000e+000  0.000000000000e+000  1.325992605817e-040  1.325992684852e-040  0.000000000000e+000  0.000000000000e+000  6.004673165375e-081  1.325992684852e-040  0.000000000000e+000  0.000000000000e+000  1.195267392960e-080  1.325992684852e-040  0.000000000000e+000  0.000000000000e+000  1.758256600281e-080  1.325992684852e-040  0.000000000000e+000  0.000000000000e+000  5.220364295743e-081
  0.000000000000e+000  0.000000000000e+000  0.000000000000e+000  9.999999403954e-001  1.000000000000e+000  0.000000000000e+000  0.000000000000e+000  4.528436117312e-041  1.000000000000e+000  0.000000000000e+000  0.000000000000e+000  9.014132631462e-041  1.000000000000e+000  0.000000000000e+000  0.000000000000e+000  1.325992684852e-040  1.000000000000e+000  0.000000000000e+000  0.000000000000e+000  3.936948035521e-041
  0.000000000000e+000  0.000000000000e+000  0.000000000000e+000  0.000000000000e+000  0.000000000000e+000  0.000000000000e+000  0.000000000000e+000  0.000000000000e+000  0.000000000000e+000  0.000000000000e+000  0.000000000000e+000  0.000000000000e+000  0.000000000000e+000  0.000000000000e+000  0.000000000000e+000  0.000000000000e+000  0.000000000000e+000  0.000000000000e+000  0.000000000000e+000  0.000000000000e+000
  0.000000000000e+000  0.000000000000e+000  0.000000000000e+000  0.000000000000e+000  0.000000000000e+000  0.000000000000e+000  0.000000000000e+000  0.000000000000e+000  0.000000000000e+000  0.000000000000e+000  0.000000000000e+000  0.000000000000e+000  0.000000000000e+000  0.000000000000e+000  0.000000000000e+000  0.000000000000e+000  0.000000000000e+000  0.000000000000e+000  0.000000000000e+000  0.000000000000e+000
  0.000000000000e+000  0.000000000000e+000  0.000000000000e+000  3.936947800860e-041  3.936948035521e-041  0.000000000000e+000  0.000000000000e+000  1.782821767603e-081  3.936948035521e-041  0.000000000000e+000  0.000000000000e+000  3.548817175536e-081  3.936948035521e-041  0.000000000000e+000  0.000000000000e+000  5.220364295743e-081  3.936948035521e-041  0.000000000000e+000  0.000000000000e+000  1.549955983439e-081
