  3.362211173357e-006  4.948383678323e-006 -1.247870527170e-019
  5.611908447703e-002  9.999942726297e-001  1.964700272986e-019
  1.741977751793e-001  9.900499543583e-001 -2.940340590071e-019
  3.488330116274e-001  9.433277741567e-001  3.668586870233e-019
  5.171400452916e-001  8.626668250046e-001 -5.818178734026e-019
  6.675805083438e-001  7.522180456560e-001  1.033407554087e-018
  7.951414362936e-001  6.160199975038e-001 -1.902158823360e-018
  8.951277942181e-001  4.583316661681e-001  3.538385598399e-018
  9.646578894397e-001  2.853821570615e-001 -6.602231419662e-018
  1.000291566611e+000  1.016357231842e-001  1.232971600839e-017
  1.002755448533e+000 -8.379741892990e-002 -2.303146387058e-017
  9.683157268498e-001 -2.697313086769e-001  4.302289799322e-017
  9.049739630156e-001 -4.400531867319e-001 -8.035011834605e-017
  8.021828593429e-001 -6.070327738039e-001  1.499169891985e-016
  6.872280848279e-001 -7.310890012502e-001 -2.785131846119e-016
  5.199607734458e-001 -8.707932371890e-001  5.075936504902e-016
  3.864682283972e-001 -9.068518274305e-001 -8.448140348653e-016
 -2.457232536256e-001 -1.243961363371e+000  3.609086455501e-015
