  1.745240576565e-002  2.797018885612e-001  0.000000000000e+000
  3.489949554205e-002  5.013114809990e-001  0.000000000000e+000
  5.233595892787e-002  6.715119779110e-001  0.000000000000e+000
  6.975647062063e-002  7.969865649939e-001  0.000000000000e+000
  8.715573698282e-002  8.844183757901e-001  0.000000000000e+000
  1.045284643769e-001  9.404908418655e-001  0.000000000000e+000
  1.218693479896e-001  9.718873016536e-001  0.000000000000e+000
  1.391731053591e-001  9.852913389914e-001  0.000000000000e+000
  1.564344763756e-001  9.873866135604e-001  0.000000000000e+000
  1.736481785774e-001  9.848077297211e-001  0.000000000000e+000
  1.908089965582e-001  9.816271662712e-001  0.000000000000e+000
  2.079117000103e-001  9.781476259232e-001  0.000000000000e+000
  2.249510437250e-001  9.743700623512e-001  0.000000000000e+000
  2.419219017029e-001  9.702957272530e-001  0.000000000000e+000
  2.588190436363e-001  9.659258127213e-001  0.000000000000e+000
  2.756373584270e-001  9.612616896629e-001  0.000000000000e+000
  2.923716902733e-001  9.563047885895e-001  0.000000000000e+000
  3.090170025826e-001  9.510565400124e-001  0.000000000000e+000
  3.255681395531e-001  9.455185532570e-001  0.000000000000e+000
  3.420201241970e-001  9.396926164627e-001  0.000000000000e+000
  3.583679497242e-001  9.335803985596e-001  0.000000000000e+000
  3.746065795422e-001  9.271838665009e-001  0.000000000000e+000
  3.907311260700e-001  9.205048680305e-001  0.000000000000e+000
  4.067366421223e-001  9.135454297066e-001  0.000000000000e+000
  4.226182699203e-001  9.063077569008e-001  0.000000000000e+000
  4.383711516857e-001  8.987940549850e-001  0.000000000000e+000
  4.539904892445e-001  8.910065293312e-001  0.000000000000e+000
  4.694715738297e-001  8.829475641251e-001  0.000000000000e+000
  4.848096072674e-001  8.746197223663e-001  0.000000000000e+000
  5.000000000000e-001  8.660253882408e-001  0.000000000000e+000
  5.150380730629e-001  8.571673035622e-001  0.000000000000e+000
  5.299192667007e-001  8.480480909348e-001  0.000000000000e+000
  5.446390509605e-001  8.386705517769e-001  0.000000000000e+000
  5.591928958893e-001  8.290376067162e-001  0.000000000000e+000
  5.735764503479e-001  8.191520571709e-001  0.000000000000e+000
  5.877852439880e-001  8.090170025826e-001  0.000000000000e+000
  6.018149852753e-001  7.986355423927e-001  0.000000000000e+000
  6.156615018845e-001  7.880107760429e-001  0.000000000000e+000
  6.293203830719e-001  7.771459221840e-001  0.000000000000e+000
  6.427875757217e-001  7.660444378853e-001  0.000000000000e+000
  6.560590267181e-001  7.547096014023e-001  0.000000000000e+000
  6.691306233406e-001  7.431448101997e-001  0.000000000000e+000
  6.819983720779e-001  7.313537001610e-001  0.000000000000e+000
  6.946583986282e-001  7.193397879601e-001  0.000000000000e+000
  7.071067690849e-001  7.071067690849e-001  0.000000000000e+000
  7.193397879601e-001  6.946583986282e-001  0.000000000000e+000
  7.313537001610e-001  6.819983720779e-001  0.000000000000e+000
  7.431448698044e-001  6.691305637360e-001  0.000000000000e+000
  7.547095417976e-001  6.560590267181e-001  0.000000000000e+000
  7.660444378853e-001  6.427876353264e-001  0.000000000000e+000
  7.771459221840e-001  6.293204426765e-001  0.000000000000e+000
  7.880107164383e-001  6.156615018845e-001  0.000000000000e+000
  7.986355423927e-001  6.018150448799e-001  0.000000000000e+000
  8.090170025826e-001  5.877853035927e-001  0.000000000000e+000
  8.191520571709e-001  5.735764503479e-001  0.000000000000e+000
  8.290375471115e-001  5.591928958893e-001  0.000000000000e+000
  8.386705517769e-001  5.446390509605e-001  0.000000000000e+000
  8.480480909348e-001  5.299192667007e-001  0.000000000000e+000
  8.571673035622e-001  5.150380730629e-001  0.000000000000e+000
  8.660254478455e-001  4.999999701977e-001  0.000000000000e+000
  8.746197223663e-001  4.848095774651e-001  0.000000000000e+000
  8.829475641251e-001  4.694716036320e-001  0.000000000000e+000
  8.910065293312e-001  4.539905190468e-001  0.000000000000e+000
  8.987940549850e-001  4.383711516857e-001  0.000000000000e+000
  9.063078165054e-001  4.226182401180e-001  0.000000000000e+000
  9.135454893112e-001  4.067366123199e-001  0.000000000000e+000
  9.205048084259e-001  3.907311856747e-001  0.000000000000e+000
  9.271838665009e-001  3.746066391468e-001  0.000000000000e+000
  9.335803985596e-001  3.583679795265e-001  0.000000000000e+000
  9.396926164627e-001  3.420201539993e-001  0.000000000000e+000
  9.455185532570e-001  3.255681395531e-001  0.000000000000e+000
  9.510565400124e-001  3.090169727802e-001  0.000000000000e+000
  9.563047289848e-001  2.923717796803e-001  0.000000000000e+000
  9.612616896629e-001  2.756373882294e-001  0.000000000000e+000
  9.659258127213e-001  2.588190734386e-001  0.000000000000e+000
  9.702957272530e-001  2.419219017029e-001  0.000000000000e+000
  9.743700623512e-001  2.249510437250e-001  0.000000000000e+000
  9.781476259232e-001  2.079116553068e-001  0.000000000000e+000
  9.816271662712e-001  1.908090561628e-001  0.000000000000e+000
  9.848077297211e-001  1.736482232809e-001  0.000000000000e+000
  9.876883625984e-001  1.564344912767e-001  0.000000000000e+000
  9.902680516243e-001  1.391731053591e-001  0.000000000000e+000
  9.925461411476e-001  1.218693256378e-001  0.000000000000e+000
  9.945219159126e-001  1.045284196734e-001  0.000000000000e+000
  9.961947202682e-001  8.715580403805e-002  0.000000000000e+000
  9.975640773773e-001  6.975650787354e-002  0.000000000000e+000
  9.986295104027e-001  5.233597382903e-002  0.000000000000e+000
  9.993908405304e-001  3.489949554205e-002  0.000000000000e+000
  9.998477101326e-001  1.745238341391e-002  0.000000000000e+000
  1.000000000000e+000 -4.371138828674e-008  0.000000000000e+000
  9.998477101326e-001 -1.745235174894e-002  0.000000000000e+000
  9.993908405304e-001 -3.489946201444e-002  0.000000000000e+000
  9.986295104027e-001 -5.233594030142e-002  0.000000000000e+000
  9.975640773773e-001 -6.975647807121e-002  0.000000000000e+000
  9.961947202682e-001 -8.715576678514e-002  0.000000000000e+000
  9.945219159126e-001 -1.045285090804e-001  0.000000000000e+000
  9.925461411476e-001 -1.218692883849e-001  0.000000000000e+000
  9.902680516243e-001 -1.391730755568e-001  0.000000000000e+000
  9.876883625984e-001 -1.564344465733e-001  0.000000000000e+000
  9.848077297211e-001 -1.736481934786e-001  0.000000000000e+000
  9.816271662712e-001 -1.908090263605e-001  0.000000000000e+000
  9.781476259232e-001 -2.079116255045e-001  0.000000000000e+000
  9.743700623512e-001 -2.249509990215e-001  0.000000000000e+000
  9.702957272530e-001 -2.419218719006e-001  0.000000000000e+000
  9.659258127213e-001 -2.588190436363e-001  0.000000000000e+000
  9.612616896629e-001 -2.756373584270e-001  0.000000000000e+000
  9.563047289848e-001 -2.923717498779e-001  0.000000000000e+000
  9.510565400124e-001 -3.090169429779e-001  0.000000000000e+000
  9.455186128616e-001 -3.255681097507e-001  0.000000000000e+000
  9.396926164627e-001 -3.420201241970e-001  0.000000000000e+000
  9.335804581642e-001 -3.583679497242e-001  0.000000000000e+000
  9.271838665009e-001 -3.746066093445e-001  0.000000000000e+000
  9.205048680305e-001 -3.907311558723e-001  0.000000000000e+000
  9.135454893112e-001 -4.067365825176e-001  0.000000000000e+000
  9.063077569008e-001 -4.226183295250e-001  0.000000000000e+000
  8.987940549850e-001 -4.383711218834e-001  0.000000000000e+000
  8.910065889359e-001 -4.539903998375e-001  0.000000000000e+000
  8.829475641251e-001 -4.694715738297e-001  0.000000000000e+000
  8.746197223663e-001 -4.848095476627e-001  0.000000000000e+000
  8.660253882408e-001 -5.000000596046e-001  0.000000000000e+000
  8.571673035622e-001 -5.150380134583e-001  0.000000000000e+000
  8.480480313301e-001 -5.299193263054e-001  0.000000000000e+000
  8.386705517769e-001 -5.446390509605e-001  0.000000000000e+000
  8.290376067162e-001 -5.591928362846e-001  0.000000000000e+000
  8.191519975662e-001 -5.735764503479e-001  0.000000000000e+000
  8.090170025826e-001 -5.877851843834e-001  0.000000000000e+000
  7.986354827881e-001 -6.018151044846e-001  0.000000000000e+000
  7.880107760429e-001 -6.156614422798e-001  0.000000000000e+000
  7.771460413933e-001 -6.293203234673e-001  0.000000000000e+000
  7.660444378853e-001 -6.427876353264e-001  0.000000000000e+000
  7.547096014023e-001 -6.560589671135e-001  0.000000000000e+000
  7.431448101997e-001 -6.691306829453e-001  0.000000000000e+000
  7.313537001610e-001 -6.819983124733e-001  0.000000000000e+000
  7.193399071693e-001 -6.946582794189e-001  0.000000000000e+000
  7.071067690849e-001 -7.071067690849e-001  0.000000000000e+000
  6.946584582329e-001 -7.193397283554e-001  0.000000000000e+000
  6.819983124733e-001 -7.313537597656e-001  0.000000000000e+000
  6.691306233406e-001 -7.431448101997e-001  0.000000000000e+000
  6.560589671135e-001 -7.547096610069e-001  0.000000000000e+000
  6.427876353264e-001 -7.660444378853e-001  0.000000000000e+000
  6.293205022812e-001 -7.771458625793e-001  0.000000000000e+000
  6.156614422798e-001 -7.880107760429e-001  0.000000000000e+000
  6.018151044846e-001 -7.986354827881e-001  0.000000000000e+000
  5.877851843834e-001 -8.090170621872e-001  0.000000000000e+000
  5.735764503479e-001 -8.191520571709e-001  0.000000000000e+000
  5.591930150986e-001 -8.290374875069e-001  0.000000000000e+000
  5.446390509605e-001 -8.386705517769e-001  0.000000000000e+000
  5.299193263054e-001 -8.480480313301e-001  0.000000000000e+000
  5.150380134583e-001 -8.571673035622e-001  0.000000000000e+000
  5.000000596046e-001 -8.660253882408e-001  0.000000000000e+000
  4.848095476627e-001 -8.746197819710e-001  0.000000000000e+000
  4.694715738297e-001 -8.829475641251e-001  0.000000000000e+000
  4.539905786514e-001 -8.910064697266e-001  0.000000000000e+000
  4.383711218834e-001 -8.987940549850e-001  0.000000000000e+000
  4.226183295250e-001 -9.063077569008e-001  0.000000000000e+000
  4.067365825176e-001 -9.135454893112e-001  0.000000000000e+000
  3.907311558723e-001 -9.205048680305e-001  0.000000000000e+000
  3.746066987514e-001 -9.271838068962e-001  0.000000000000e+000
  3.583679199219e-001 -9.335804581642e-001  0.000000000000e+000
  3.420202136040e-001 -9.396926164627e-001  0.000000000000e+000
  3.255681097507e-001 -9.455186128616e-001  0.000000000000e+000
  3.090170323849e-001 -9.510564804077e-001  0.000000000000e+000
  2.923718392849e-001 -9.563047289848e-001  0.000000000000e+000
  2.756373584270e-001 -9.612616896629e-001  0.000000000000e+000
  2.588191330433e-001 -9.659258127213e-001  0.000000000000e+000
  2.419218569994e-001 -9.702957272530e-001  0.000000000000e+000
  2.249511182308e-001 -9.743700623512e-001  0.000000000000e+000
  2.079116106033e-001 -9.781476259232e-001  0.000000000000e+000
  1.908090114594e-001 -9.816271662712e-001  0.000000000000e+000
  1.736482977867e-001 -9.848077297211e-001  1.101540590991e-018
  1.564344465733e-001 -9.876883625984e-001  1.816743210656e-017
  1.391731798649e-001 -9.902680516243e-001  7.541353765921e-017
  1.218692809343e-001 -9.925461411476e-001  1.972370132725e-016
  1.045284941792e-001 -9.945219159126e-001  4.080295212452e-016
  8.715587854385e-002 -9.961946606636e-001  7.321869262652e-016
  6.975647062063e-002 -9.975640773773e-001  1.194111997895e-015
  5.233604833484e-002 -9.986295104027e-001  1.818186187561e-015
  3.489945083857e-002 -9.993908405304e-001  2.628823500780e-015
  1.745245791972e-002 -9.998477101326e-001  3.650394845287e-015
