  0.000000000000e+000  0.000000000000e+000  0.000000000000e+000
  5.000000000000e-001  2.500000000000e-001  0.000000000000e+000
  1.000000000000e+000  1.000000000000e+000  0.000000000000e+000
  1.500000000000e+000  2.250000000000e+000  0.000000000000e+000
  2.000000000000e+000  4.000000000000e+000  0.000000000000e+000
  2.500000000000e+000  6.250000000000e+000  0.000000000000e+000
  3.000000000000e+000  9.000000000000e+000  0.000000000000e+000
  3.500000000000e+000  1.225000000000e+001  0.000000000000e+000
  4.000000000000e+000  1.600000000000e+001  0.000000000000e+000
  4.500000000000e+000  2.025000000000e+001  0.000000000000e+000
  5.000000000000e+000  2.500000000000e+001  0.000000000000e+000
  5.500000000000e+000  3.025000000000e+001  0.000000000000e+000
  6.000000000000e+000  3.600000000000e+001  0.000000000000e+000
  6.500000000000e+000  4.225000000000e+001  0.000000000000e+000
  7.000000000000e+000  4.900000000000e+001  0.000000000000e+000
  7.500000000000e+000  5.625000000000e+001  0.000000000000e+000
  8.000000000000e+000  6.400000000000e+001  0.000000000000e+000
  8.500000000000e+000  7.225000000000e+001  0.000000000000e+000
  9.000000000000e+000  8.100000000000e+001  0.000000000000e+000
  9.500000000000e+000  9.025000000000e+001  0.000000000000e+000
